2.0393
2.1193
2.1993
2.2793
2.3592
2.4392
2.5192
2.5992
2.6792
2.7592
2.8392
2.9192
2.9992
3.0792
3.1592
3.2392
3.3192
3.3992
3.4792
3.5592
3.6392
3.7191
3.7991
3.8791
3.9591
4.0391
4.1191
4.1991
4.2791
4.3591
4.4391
4.5191
4.5991
4.679
4.759
4.839
4.919
4.999
5.079
5.159
5.239
5.319
5.399
5.4789
5.5589
5.6389
5.7189
5.7989
5.8789
5.867
5.7633
5.6595
5.5557
5.4518
5.3479
5.2439
5.1399
5.0359
4.9318
4.8277
4.7236
4.6194
4.5152
4.4109
4.3067
4.2024
4.0981
3.9937
3.8894
3.785
3.6806
3.5762
3.4718
3.3673
3.2629
3.1584
3.054
2.9495
2.845
2.7405
2.6361
2.5316
2.4271
2.3227
2.2182
2.1138
2.0093
1.9049
1.8005
1.6961
1.5917
1.4873
1.3829
1.2786
1.1743
1.07
0.96577
0.86154
0.75734
0.74525
0.82525
0.90524
0.98524
1.0652
1.1452
1.2252
1.3052
1.3852
1.4652
1.5452
1.6252
1.7052
1.7852
1.8652
1.9452
2.0252
2.1052
2.1852
2.2652
2.3452
2.4252
2.5052
2.5852
2.6652
2.7452
2.8252
2.9051
2.9851
3.0651
3.1451
3.2251
3.3051
3.3851
3.4651
3.5451
3.6251
3.7051
3.7851
3.8651
3.9451
4.0251
4.105
4.185
4.265
4.345
4.425
4.505
4.585
4.665
4.745
4.7333
4.6298
4.5263
4.4228
4.3193
4.2158
4.1122
4.0086
3.905
3.8013
3.6977
3.594
3.4903
3.3866
3.2829
3.1792
3.0754
2.9717
2.8679
2.7642
2.6605
2.5567
2.453
2.3492
2.2455
2.1418
2.0381
1.9343
1.8306
1.727
1.6233
1.5196
1.416
1.3124
1.2088
1.1053
1.0017
0.8982
0.79471
0.69126
0.58783
0.48444
0.38109
0.27777
0.17449
0.071251
0.0005905
0.00021327
0.00058303
0.02228
0.10228
0.18228
0.26228
0.34228
0.42228
0.50228
0.58228
0.66227
0.74227
0.82227
0.90227
0.98227
1.0623
1.1423
1.2223
1.3023
1.3823
1.4623
1.5422
1.6222
1.7022
1.7822
1.8622
1.9422
2.0222
2.1022
2.1822
2.2622
2.3422
2.4222
2.5022
2.5822
2.6622
2.7422
2.8222
2.9022
2.9822
3.0622
3.1422
3.2221
3.3021
3.3821
3.4621
3.5421
3.6221
3.7021
3.7821
3.8621
3.9421
4.0221
4.1021
4.1821
4.2621
4.342
4.3309
4.2285
4.1262
4.0238
3.9214
3.819
3.7165
3.6141
3.5116
3.4091
3.3066
3.2041
3.1016
2.9991
2.8966
2.794
2.6915
2.5889
2.4864
2.3839
2.2813
2.1788
2.0763
1.9738
1.8713
1.7688
1.6664
1.5639
1.4615
1.3591
1.2567
1.1543
1.0519
0.94962
0.84732
0.74505
0.64281
0.54061
0.43844
0.3363
0.2342
0.13214
0.03012
0.00018931
0.00060652
0.019955
0.099954
0.17995
0.25995
0.33995
0.41995
0.49995
0.57995
0.65995
0.73995
0.81995
0.89994
0.97994
1.0599
1.1399
1.2199
1.2999
1.3799
1.4599
1.5399
1.6199
1.6999
1.7799
1.8599
1.9399
2.0199
2.0999
2.1799
2.2599
2.3399
2.4199
2.4999
2.5799
2.6599
2.7399
2.8199
2.8998
2.9798
3.0598
3.1398
3.2198
3.2998
3.3798
3.4598
3.5398
3.6198
3.6998
3.7798
3.8598
3.9398
4.0198
4.0997
4.1797
4.2597
4.3397
4.4197
4.4997
4.5797
4.6597
4.6491
4.548
4.4469
4.3457
4.2445
4.1433
4.042
3.9408
3.8395
3.7382
3.6368
3.5355
3.4341
3.3327
3.2314
3.13
3.0286
2.9272
2.8257
2.7243
2.6229
2.5215
2.4201
2.3187
2.2173
2.1158
2.0145
1.9131
1.8117
1.7103
1.609
1.5077
1.4064
1.3051
1.2038
1.1025
1.0013
0.90013
0.79896
0.69782
0.59671
0.58616
0.66616
0.74616
0.82615
0.90615
0.98615
1.0661
1.1461
1.2261
1.3061
1.3861
1.4661
1.5461
1.6261
1.7061
1.7861
1.8661
1.9461
2.0261
2.1061
2.1861
2.2661
2.3461
2.4261
2.5061
2.5861
2.6661
2.7461
2.8261
2.9061
2.9861
3.066
3.146
3.226
3.306
3.386
3.466
3.546
3.626
3.706
3.786
3.866
3.946
4.026
4.106
4.1859
4.2659
4.3459
4.4259
4.5059
4.5859
4.6659
4.7459
4.8259
4.9059
4.9859
5.0658
5.1458
5.2258
5.3058
5.3858
5.4658
5.4557
5.3554
5.2551
5.1548
5.0544
4.954
4.8535
4.7531
4.6525
4.552
4.4514
4.3508
4.2501
4.1495
4.0488
3.948
3.8473
3.7465
3.6458
3.545
3.4442
3.3433
3.2425
3.1417
3.0408
2.9399
2.8391
2.7382
2.6373
2.5365
2.4356
2.3347
2.2339
2.133
2.0322
1.9313
1.8305
1.7297
1.7193
1.7993
1.8793
1.9593
2.0393
2.1193
2.1993
2.2793
2.3593
2.4392
2.5192
2.5992
2.6792
2.7592
2.8392
2.9192
2.9992
3.0792
3.1592
3.2392
3.3192
3.3992
3.4792
3.5592
3.6392
3.7191
3.7991
3.8791
3.9591
4.0391
4.1191
4.1991
4.2791
4.3591
4.4391
4.5191
4.5991
4.679
4.759
4.839
4.919
4.999
5.079
5.159
5.239
5.319
5.399
5.4789
5.5589
5.6389
5.7189
5.7989
5.8789
5.9589
6.0389
6.1189
6.1988
6.2788
6.3588
6.4388
6.5188
6.5988
6.5888
6.4888
6.3887
6.2886
6.1884
6.0882
5.9879
5.8875
5.7871
5.6867
5.5862
5.4856
5.3851
5.2844
5.1837
5.083
4.9822
4.8814
4.7806
4.6797
4.5788
4.4779
4.3769
4.2759
4.1749
4.0739
3.9728
3.8717
3.7706
3.6695
3.5684
3.4672
3.366
3.2648
3.1636
3.0624
2.9612
2.86
2.8494
2.9294
3.0094
3.0894
3.1694
3.2494
3.3294
3.4094
3.4894
3.5693
3.6493
3.7293
3.8093
3.8893
3.9693
4.0493
4.1293
4.2093
4.2893
4.3693
4.4493
4.5292
4.6092
4.6892
4.7692
4.8492
4.9292
5.0092
5.0892
5.1692
5.2492
5.3292
5.4091
5.4891
5.5691
5.6491
5.7291
5.8091
5.8891
5.9691
6.049
6.129
6.209
6.289
6.369
6.449
6.529
6.609
6.6889
6.7689
6.8489
6.9289
7.0089
7.0889
7.1689
7.2488
7.3288
7.4088
7.4888
7.5688
7.5586
7.4581
7.3576
7.257
7.1563
7.0555
6.9547
6.8538
6.7529
6.6518
6.5507
6.4496
6.3484
6.2471
6.1457
6.0444
5.9429
5.8414
5.7399
5.6383
5.5366
5.4349
5.3332
5.2314
5.1296
5.0277
4.9258
4.8239
4.7219
4.6199
4.5179
4.4158
4.3137
4.2116
4.1094
4.0073
3.9051
3.8029
3.7006
3.5984
3.5873
3.6672
3.7472
3.8272
3.9072
3.9872
4.0672
4.1472
4.2272
4.3072
4.3872
4.4672
4.5472
4.6271
4.7071
4.7871
4.8671
4.9471
5.0271
5.1071
5.1871
5.2671
5.3471
5.427
5.507
5.587
5.667
5.747
5.827
5.907
5.987
6.067
6.1469
6.2269
6.3069
6.3869
6.4669
6.5469
6.6269
6.7069
6.7868
6.8668
6.9468
7.0268
7.1068
7.1868
7.2668
7.3467
7.4267
7.5067
7.5867
7.6667
7.7467
7.8267
7.9066
7.9866
7.9759
7.8743
7.7727
7.671
7.5692
7.4673
7.3654
7.2633
7.1612
7.0591
6.9568
6.8545
6.7522
6.6497
6.5472
6.4446
6.342
6.2393
6.1366
6.0338
5.9309
5.828
5.7251
5.6221
5.519
5.4159
5.3128
5.2096
5.1064
5.0031
4.8998
4.7965
4.6931
4.5897
4.4863
4.3828
4.2794
4.1758
4.0723
3.9688
3.8652
3.7616
3.658
3.5543
3.5425
3.6225
3.7025
3.7825
3.8625
3.9425
4.0225
4.1025
4.1825
4.2624
4.3424
4.4224
4.5024
4.5824
4.6624
4.7424
4.8224
4.9024
4.9824
5.0624
5.1423
5.2223
5.3023
5.3823
5.4623
5.5423
5.6223
5.7023
5.7823
5.8622
5.9422
6.0222
6.1022
6.1822
6.2622
6.3422
6.4222
6.5021
6.5821
6.6621
6.7421
6.8221
6.9021
6.9821
7.0621
7.142
7.222
7.302
7.382
7.462
7.542
7.5305
7.4275
7.3245
7.2213
7.1182
7.0149
6.9116
6.8082
6.7047
6.6012
6.4976
6.3939
6.2902
6.1864
6.0826
5.9787
5.8748
5.7708
5.6668
5.5627
5.4585
5.3544
5.2502
5.1459
5.0416
4.9373
4.8329
4.7285
4.6241
4.5196
4.4151
4.3106
4.2061
4.1015
3.9969
3.8923
3.7877
3.683
3.5784
3.4737
3.369
3.2643
3.1596
3.0549
2.9501
2.8454
2.7407
2.636
2.5312
2.5189
2.5989
2.6789
2.7589
2.8389
2.9188
2.9988
3.0788
3.1588
3.2388
3.3188
3.3988
3.4788
3.5588
3.6388
3.7188
3.7988
3.8788
3.9588
4.0388
4.1187
4.1987
4.2787
4.3587
4.4387
4.5187
4.5987
4.6787
4.7587
4.8387
4.9187
4.9986
5.0786
5.1586
5.2386
5.3186
5.3986
5.4786
5.5586
5.6386
5.7185
5.7985
5.8785
5.9585
6.0385
6.1185
6.1985
6.2785
6.3585
6.3464
6.2424
6.1383
6.0341
5.9299
5.8257
5.7214
5.617
5.5126
5.4081
5.3036
5.1991
5.0945
4.9899
4.8853
4.7806
4.6759
4.5711
4.4664
4.3615
4.2567
4.1519
4.047
3.9421
3.8372
3.7322
3.6273
3.5223
3.4173
3.3123
3.2073
3.1023
2.9973
2.8923
2.7873
2.6822
2.5772
2.4722
2.3672
2.2622
2.1572
2.0522
1.9472
1.8422
1.7373
1.6323
1.5274
1.4225
1.3176
1.2127
1.1079
1.0955
1.1755
1.2555
1.3355
1.4155
1.4955
1.5755
1.6555
1.7355
1.8155
1.8955
1.9754
2.0554
2.1354
2.2154
2.2954
2.3754
2.4554
2.5354
2.6154
2.6954
2.7754
2.8554
2.9354
3.0154
3.0954
3.1754
3.2554
3.3354
3.4154
3.4953
3.5753
3.6553
3.7353
3.8153
3.8953
3.9753
4.0553
4.1353
4.2153
4.2953
4.3753
4.4552
4.5352
4.6152
4.6952
4.7752
4.8552
4.9352
4.9231
4.819
4.7149
4.6107
4.5065
4.4023
4.298
4.1937
4.0894
3.9851
3.8807
3.7764
3.672
3.5676
3.4632
3.3587
3.2543
3.1498
3.0454
2.9409
2.8365
2.732
2.6275
2.5231
2.4186
2.3141
2.2097
2.1052
2.0008
1.8964
1.792
1.6876
1.5832
1.4788
1.3745
1.2702
1.1659
1.0616
0.95736
0.85314
0.74895
0.64479
0.54067
0.43658
0.33252
0.2285
0.12452
0.020588
0.000085441
0.00070833
0.000097775
0.07032
0.15032
0.23032
0.31032
0.39032
0.47032
0.55032
0.63032
0.71031
0.79031
0.87031
0.95031
1.0303
1.1103
1.1903
1.2703
1.3503
1.4303
1.5103
1.5903
1.6703
1.7503
1.8303
1.9103
1.9903
2.0703
2.1503
2.2303
2.3103
2.3902
2.4702
2.5502
2.6302
2.7102
2.7902
2.8702
2.9502
3.0302
3.1102
3.1902
3.2702
3.3502
3.4302
3.5102
3.5902
3.6702
3.7501
3.8301
3.9101
3.9901
4.0701
4.1501
4.2301
4.2186
4.1155
4.0124
3.9093
3.8062
3.7031
3.5999
3.4967
3.3935
3.2903
3.1871
3.0839
2.9807
2.8775
2.7742
2.671
2.5678
2.4646
2.3613
2.2581
2.1549
2.0517
1.9485
1.8453
1.7421
1.639
1.5358
1.4327
1.3296
1.2265
1.1235
1.0204
0.91744
0.81446
0.71151
0.6086
0.50571
0.40286
0.30005
0.19727
0.094532
0.0008235
-0.0015261
0.00077697
0.000030494
0.00076219
0.000044983
0.075547
0.15555
0.23555
0.31555
0.39554
0.47554
0.55554
0.63554
0.71554
0.79554
0.87554
0.95554
1.0355
1.1155
1.1955
1.2755
1.3555
1.4355
1.5155
1.5955
1.6755
1.7555
1.8355
1.9155
1.9955
2.0755
2.1555
2.2355
2.3155
2.3955
2.4755
2.5555
2.6355
2.7155
2.7954
2.8754
2.9554
3.0354
3.1154
3.1954
3.2754
3.3554
3.4354
3.5154
3.5954
3.6754
3.7554
3.8354
3.9154
3.9953
4.0753
4.1553
4.2353
4.3153
4.3953
4.4753
4.5553
4.6353
4.6244
4.5227
4.4209
4.3192
4.2173
4.1155
4.0137
3.9118
3.8099
3.708
3.606
3.5041
3.4021
3.3001
3.1981
3.0961
2.9941
2.8921
2.7901
2.6881
2.5861
2.4841
2.3821
2.28
2.178
2.076
1.9741
1.8721
1.7701
1.6682
1.5662
1.4643
1.3624
1.2605
1.1587
1.0569
0.95505
0.85327
0.75152
0.6498
0.54811
0.44645
0.43563
0.51563
0.59563
0.67563
0.75563
0.83562
0.91562
0.99562
1.0756
1.1556
1.2356
1.3156
1.3956
1.4756
1.5556
1.6356
1.7156
1.7956
1.8756
1.9556
2.0356
2.1156
2.1956
2.2756
2.3556
2.4356
2.5156
2.5955
2.6755
2.7555
2.8355
2.9155
2.9955
3.0755
3.1555
3.2355
3.3155
3.3955
3.4755
3.5555
3.6355
3.7155
3.7955
3.8754
3.9554
4.0354
4.1154
4.1954
4.2754
4.3554
4.4354
4.5154
4.5954
4.6754
4.7554
4.8353
4.9153
4.9953
5.0753
5.1553
5.1449
5.0441
4.9432
4.8424
4.7414
4.6405
4.5395
4.4385
4.3374
4.2364
4.1353
4.0342
3.933
3.8318
3.7307
3.6295
3.5282
3.427
3.3258
3.2245
3.1232
3.022
2.9207
2.8194
2.7181
2.6168
2.5155
2.4142
2.313
2.2117
2.1104
2.0091
1.9079
1.8066
1.7054
1.6042
1.503
1.4018
1.3006
1.1995
1.1889
1.2689
1.3489
1.4289
1.5089
1.5889
1.6689
1.7489
1.8289
1.9089
1.9889
2.0689
2.1489
2.2289
2.3089
2.3889
2.4689
2.5489
2.6289
2.7089
2.7889
2.8688
2.9488
3.0288
3.1088
3.1888
3.2688
3.3488
3.4288
3.5088
3.5888
3.6688
3.7488
3.8288
3.9088
3.9888
4.0687
4.1487
4.2287
4.3087
4.3887
4.4687
4.5487
4.6287
4.7087
4.7887
4.8687
4.9486
5.0286
5.1086
5.1886
5.2686
5.3486
5.4286
5.5086
5.5886
5.6686
5.7485
5.8285
5.9085
5.9885
5.9784
5.878
5.7777
5.6773
5.5768
5.4763
5.3757
5.2751
5.1745
5.0738
4.9731
4.8723
4.7715
4.6707
4.5698
4.4689
4.368
4.267
4.166
4.065
3.964
3.8629
3.7619
3.6608
3.5597
3.4585
3.3574
3.2563
3.1551
3.0539
2.9528
2.8516
2.7504
2.6492
2.548
2.4469
2.3457
2.2445
2.1433
2.1327
2.2127
2.2927
2.3727
2.4527
2.5327
2.6127
2.6927
2.7727
2.8527
2.9327
3.0127
3.0927
3.1727
3.2527
3.3327
3.4127
3.4927
3.5726
3.6526
3.7326
3.8126
3.8926
3.9726
4.0526
4.1326
4.2126
4.2926
4.3726
4.4526
4.5325
4.6125
4.6925
4.7725
4.8525
4.9325
5.0125
5.0925
5.1725
5.2525
5.3324
5.4124
5.4924
5.5724
5.6524
5.7324
5.8124
5.8924
5.9724
6.0523
6.1323
6.2123
6.2923
6.3723
6.4523
6.5323
6.6123
6.6922
6.7722
6.8522
6.842
6.7416
6.6412
6.5407
6.4401
6.3395
6.2388
6.138
6.0372
5.9363
5.8354
5.7344
5.6334
5.5323
5.4312
5.3301
5.2288
5.1276
5.0263
4.925
4.8236
4.7222
4.6208
4.5193
4.4178
4.3163
4.2148
4.1132
4.0116
3.91
3.8083
3.7067
3.605
3.5033
3.4016
3.2999
3.1982
3.0964
2.9947
2.8929
2.8821
2.9621
3.0421
3.122
3.202
3.282
3.362
3.442
3.522
3.602
3.682
3.762
3.842
3.922
4.002
4.082
4.162
4.2419
4.3219
4.4019
4.4819
4.5619
4.6419
4.7219
4.8019
4.8819
4.9619
5.0418
5.1218
5.2018
5.2818
5.3618
5.4418
5.5218
5.6018
5.6818
5.7618
5.8417
5.9217
6.0017
6.0817
6.1617
6.2417
6.3217
6.4017
6.4816
6.5616
6.6416
6.7216
6.8016
6.8816
6.9616
7.0415
7.1215
7.2015
7.2815
7.3615
7.4415
7.431
7.33
7.2289
7.1277
7.0265
6.9252
6.8238
6.7224
6.6209
6.5193
6.4177
6.316
6.2143
6.1125
6.0106
5.9087
5.8068
5.7048
5.6027
5.5006
5.3984
5.2962
5.194
5.0917
4.9894
4.887
4.7846
4.6822
4.5798
4.4773
4.3747
4.2722
4.1696
4.067
3.9644
3.8618
3.7591
3.6564
3.5537
3.451
3.3483
3.2456
3.2342
3.3142
3.3942
3.4742
3.5542
3.6342
3.7142
3.7942
3.8742
3.9542
4.0341
4.1141
4.1941
4.2741
4.3541
4.4341
4.5141
4.5941
4.6741
4.7541
4.8341
4.914
4.994
5.074
5.154
5.234
5.314
5.394
5.474
5.554
5.6339
5.7139
5.7939
5.8739
5.9539
6.0339
6.1139
6.1939
6.2739
6.3538
6.4338
6.5138
6.5938
6.6738
6.7538
6.8338
6.9137
6.9937
7.0737
7.1537
7.2337
7.3137
7.3937
7.4736
7.4626
7.3606
7.2585
7.1563
7.0541
6.9517
6.8493
6.7469
6.6443
6.5418
6.4391
6.3364
6.2336
6.1308
6.0279
5.925
5.822
5.7189
5.6158
5.5127
5.4095
5.3063
5.203
5.0997
4.9964
4.893
4.7896
4.6861
4.5826
4.4791
4.3756
4.272
4.1684
4.0648
3.9612
3.8575
3.7538
3.6501
3.5464
3.4427
3.3389
3.2352
3.1314
3.0277
2.9239
2.8201
2.8082
2.8882
2.9682
3.0482
3.1282
3.2082
3.2882
3.3682
3.4482
3.5282
3.6082
3.6882
3.7682
3.8482
3.9281
4.0081
4.0881
4.1681
4.2481
4.3281
4.4081
4.4881
4.5681
4.6481
4.7281
4.808
4.888
4.968
5.048
5.128
5.208
5.288
5.368
5.448
5.528
5.6079
5.6879
5.7679
5.8479
5.9279
6.0079
6.0879
6.1679
6.2478
6.3278
6.4078
6.4878
6.5678
6.6478
6.7278
6.8078
6.7962
6.6931
6.59
6.4868
6.3835
6.2802
6.1768
6.0733
5.9698
5.8663
5.7626
5.659
5.5553
5.4515
5.3477
5.2439
5.14
5.0361
4.9322
4.8282
4.7242
4.6201
4.516
4.4119
4.3078
4.2036
4.0994
3.9952
3.891
3.7867
3.6824
3.5782
3.4739
3.3695
3.2652
3.1609
3.0566
2.9522
2.8479
2.7435
2.6392
2.5348
2.4305
2.3261
2.2218
2.1174
2.0131
1.9088
1.8045
1.7924
1.8724
1.9524
2.0324
2.1124
2.1924
2.2724
2.3523
2.4323
2.5123
2.5923
2.6723
2.7523
2.8323
2.9123
2.9923
3.0723
3.1523
3.2323
3.3123
3.3923
3.4723
3.5523
3.6323
3.7122
3.7922
3.8722
3.9522
4.0322
4.1122
4.1922
4.2722
4.3522
4.4322
4.5122
4.5922
4.6721
4.7521
4.8321
4.9121
4.9921
5.0721
5.1521
5.2321
5.3121
5.3921
5.472
5.552
5.632
5.712
5.7002
5.5966
5.493
5.3893
5.2856
5.1819
5.0781
4.9742
4.8703
4.7664
4.6625
4.5585
4.4545
4.3505
4.2464
4.1424
4.0382
3.9341
3.83
3.7258
3.6216
3.5174
3.4132
3.309
3.2048
3.1005
2.9963
2.892
2.7878
2.6835
2.5793
2.475
2.3708
2.2666
2.1623
2.0581
1.9539
1.8497
1.7455
1.6413
1.5372
1.433
1.3289
1.2248
1.1207
1.0167
0.91265
0.80866
0.70469
0.60076
0.5888
0.6688
0.7488
0.8288
0.9088
0.9888
1.0688
1.1488
1.2288
1.3088
1.3888
1.4688
1.5488
1.6288
1.7088
1.7888
1.8688
1.9488
2.0288
2.1088
2.1887
2.2687
2.3487
2.4287
2.5087
2.5887
2.6687
2.7487
2.8287
2.9087
2.9887
3.0687
3.1487
3.2287
3.3087
3.3887
3.4687
3.5487
3.6286
3.7086
3.7886
3.8686
3.9486
4.0286
4.1086
4.1886
4.2686
4.3486
4.4286
4.5086
4.5885
4.6685
4.657
4.5538
4.4506
4.3474
4.2442
4.1409
4.0376
3.9343
3.831
3.7276
3.6242
3.5209
3.4175
3.3141
3.2106
3.1072
3.0038
2.9003
2.7969
2.6935
2.59
2.4866
2.3831
2.2797
2.1763
2.0729
1.9694
1.866
1.7627
1.6593
1.5559
1.4526
1.3493
1.246
1.1427
1.0395
0.93624
0.83305
0.72988
0.62675
0.52365
0.42058
0.31755
0.21455
0.1116
0.0086862
-0.0027604
0.00076475
0.0042899
0.08429
0.16429
0.24429
0.32429
0.40429
0.48429
0.56429
0.64428
0.72428
0.80428
0.88428
0.96428
1.0443
1.1243
1.2043
1.2843
1.3643
1.4443
1.5243
1.6043
1.6843
1.7643
1.8442
1.9242
2.0042
2.0842
2.1642
2.2442
2.3242
2.4042
2.4842
2.5642
2.6442
2.7242
2.8042
2.8842
2.9642
3.0442
3.1242
3.2042
3.2842
3.3641
3.4441
3.5241
3.6041
3.6841
3.7641
3.8441
3.9241
4.0041
4.0841
4.1641
4.2441
4.3241
4.404
4.393
4.291
4.189
4.0869
3.9848
3.8826
3.7805
3.6783
3.5762
3.474
3.3718
3.2695
3.1673
3.0651
2.9628
2.8606
2.7583
2.6561
2.5538
2.4516
2.3493
2.2471
2.1448
2.0426
1.9404
1.8382
1.736
1.6338
1.5316
1.4295
1.3274
1.2253
1.1232
1.0211
0.91909
0.81708
0.7151
0.61316
0.51124
0.40936
0.30752
0.20571
0.10394
0.0022166
-0.008637
0.071363
0.15136
0.23136
0.31136
0.39136
0.47136
0.55136
0.63136
0.71136
0.79136
0.87135
0.95135
1.0313
1.1113
1.1913
1.2713
1.3513
1.4313
1.5113
1.5913
1.6713
1.7513
1.8313
1.9113
1.9913
2.0713
2.1513
2.2313
2.3113
2.3913
2.4713
2.5513
2.6313
2.7113
2.7913
2.8713
2.9513
3.0312
3.1112
3.1912
3.2712
3.3512
3.4312
3.5112
3.5912
3.6712
3.7512
3.8312
3.9112
3.9912
4.0712
4.1511
4.2311
4.3111
4.3911
4.4711
4.5511
4.6311
4.7111
4.7007
4.5998
4.4989
4.398
4.297
4.196
4.095
3.994
3.893
3.7919
3.6908
3.5897
3.4886
3.3874
3.2863
3.1851
3.084
2.9828
2.8816
2.7804
2.6792
2.5781
2.4769
2.3757
2.2745
2.1733
2.0722
1.971
1.8699
1.7687
1.6676
1.5665
1.4654
1.3643
1.2633
1.1622
1.0612
0.96024
0.85929
0.75836
0.7479
0.8279
0.9079
0.98789
1.0679
1.1479
1.2279
1.3079
1.3879
1.4679
1.5479
1.6279
1.7079
1.7879
1.8679
1.9479
2.0279
2.1079
2.1878
2.2678
2.3478
2.4278
2.5078
2.5878
2.6678
2.7478
2.8278
2.9078
2.9878
3.0678
3.1478
3.2278
3.3078
3.3878
3.4678
3.5477
3.6277
3.7077
3.7877
3.8677
3.9477
4.0277
4.1077
4.1877
4.2677
4.3477
4.4277
4.5077
4.5876
4.6676
4.7476
4.8276
4.9076
4.9876
5.0676
5.1476
5.2276
5.3076
5.3875
5.4675
5.5475
5.6275
5.6175
5.5174
5.4173
5.3171
5.2169
5.1166
5.0163
4.916
4.8156
4.7152
4.6148
4.5143
4.4138
4.3133
4.2127
4.1122
4.0115
3.9109
3.8103
3.7096
3.6089
3.5082
3.4075
3.3068
3.206
3.1053
3.0045
2.9037
2.803
2.7022
2.6014
2.5007
2.3999
2.2991
2.1983
2.0976
1.9968
1.8961
1.8857
1.9657
2.0457
2.1257
2.2057
2.2857
2.3657
2.4457
2.5257
2.6057
2.6857
2.7657
2.8457
2.9257
3.0057
3.0857
3.1657
3.2456
3.3256
3.4056
3.4856
3.5656
3.6456
3.7256
3.8056
3.8856
3.9656
4.0456
4.1256
4.2056
4.2855
4.3655
4.4455
4.5255
4.6055
4.6855
4.7655
4.8455
4.9255
5.0055
5.0855
5.1654
5.2454
5.3254
5.4054
5.4854
5.5654
5.6454
5.7254
5.8054
5.8853
5.9653
6.0453
6.1253
6.2053
6.2853
6.3653
6.4453
6.5252
6.6052
6.6852
6.7652
6.7553
6.6553
6.5553
6.4553
6.3551
6.255
6.1547
6.0544
5.9541
5.8537
5.7532
5.6527
5.5522
5.4516
5.3509
5.2502
5.1495
5.0487
4.9479
4.8471
4.7462
4.6453
4.5443
4.4433
4.3423
4.2413
4.1402
4.0391
3.938
3.8369
3.7357
3.6346
3.5334
3.4322
3.331
3.2297
3.1285
3.0273
3.0166
3.0966
3.1766
3.2566
3.3366
3.4166
3.4966
3.5766
3.6566
3.7366
3.8166
3.8966
3.9765
4.0565
4.1365
4.2165
4.2965
4.3765
4.4565
4.5365
4.6165
4.6965
4.7765
4.8564
4.9364
5.0164
5.0964
5.1764
5.2564
5.3364
5.4164
5.4964
5.5764
5.6563
5.7363
5.8163
5.8963
5.9763
6.0563
6.1363
6.2163
6.2962
6.3762
6.4562
6.5362
6.6162
6.6962
6.7762
6.8562
6.9361
7.0161
7.0961
7.1761
7.2561
7.3361
7.4161
7.496
7.576
7.656
7.6458
7.5453
7.4447
7.344
7.2433
7.1425
7.0416
6.9407
6.8397
6.7386
6.6374
6.5362
6.4349
6.3336
6.2322
6.1307
6.0292
5.9277
5.826
5.7244
5.6227
5.5209
5.4191
5.3172
5.2153
5.1134
5.0114
4.9094
4.8073
4.7052
4.6031
4.501
4.3988
4.2966
4.1943
4.0921
3.9898
3.8875
3.7852
3.6828
3.5805
3.5693
3.6493
3.7293
3.8093
3.8893
3.9692
4.0492
4.1292
4.2092
4.2892
4.3692
4.4492
4.5292
4.6092
4.6892
4.7692
4.8491
4.9291
5.0091
5.0891
5.1691
5.2491
5.3291
5.4091
5.4891
5.5691
5.649
5.729
5.809
5.889
5.969
6.049
6.129
6.209
6.2889
6.3689
6.4489
6.5289
6.6089
6.6889
6.7689
6.8489
6.9288
7.0088
7.0888
7.1688
7.2488
7.3288
7.4088
7.4887
7.5687
7.6487
7.7287
7.8087
7.8887
7.8778
7.7762
7.6744
7.5726
7.4707
7.3687
7.2666
7.1645
7.0623
6.96
6.8577
6.7552
6.6528
6.5502
6.4476
6.345
6.2422
6.1394
6.0366
5.9337
5.8308
5.7278
5.6247
5.5216
5.4185
5.3153
5.2121
5.1088
5.0055
4.9022
4.7988
4.6954
4.592
4.4885
4.385
4.2815
4.1779
4.0744
3.9708
3.8672
3.7635
3.6599
3.5562
3.4525
3.3488
3.337
3.417
3.4969
3.5769
3.6569
3.7369
3.8169
3.8969
3.9769
4.0569
4.1369
4.2169
4.2969
4.3769
4.4568
4.5368
4.6168
4.6968
4.7768
4.8568
4.9368
5.0168
5.0968
5.1768
5.2568
5.3367
5.4167
5.4967
5.5767
5.6567
5.7367
5.8167
5.8967
5.9767
6.0566
6.1366
6.2166
6.2966
6.3766
6.4566
6.5366
6.6165
6.6965
6.7765
6.8565
6.9365
7.0165
7.0965
7.1765
7.2564
7.3364
7.3249
7.2219
7.1188
7.0156
6.9124
6.8091
6.7057
6.6022
6.4987
6.3952
6.2916
6.1879
6.0841
5.9803
5.8765
5.7726
5.6687
5.5647
5.4606
5.3566
5.2524
5.1483
5.0441
4.9398
4.8356
4.7312
4.6269
4.5225
4.4181
4.3137
4.2092
4.1048
4.0003
3.8957
3.7912
3.6866
3.5821
3.4775
3.3729
3.2683
3.1636
3.059
2.9544
2.8498
2.7451
2.6405
2.5358
2.4312
2.3266
2.3143
2.3943
2.4742
2.5542
2.6342
2.7142
2.7942
2.8742
2.9542
3.0342
3.1142
3.1942
3.2742
3.3542
3.4342
3.5142
3.5942
3.6742
3.7541
3.8341
3.9141
3.9941
4.0741
4.1541
4.2341
4.3141
4.3941
4.4741
4.5541
4.6341
4.714
4.794
4.874
4.954
5.034
5.114
5.194
5.274
5.354
5.434
5.5139
5.5939
5.6739
5.7539
5.8339
5.9139
5.9939
6.0739
6.1539
6.1419
6.0379
5.9339
5.8299
5.7258
5.6217
5.5175
5.4132
5.3089
5.2046
5.1002
4.9958
4.8914
4.7869
4.6824
4.5779
4.4733
4.3687
4.2641
4.1595
4.0548
3.9501
3.8454
3.7407
3.6359
3.5312
3.4264
3.3216
3.2168
3.112
3.0072
2.9024
2.7976
2.6927
2.5879
2.4831
2.3783
2.2735
2.1687
2.0639
1.9591
1.8544
1.7496
1.6449
1.5401
1.4354
1.3308
1.2261
1.1215
1.0169
0.91227
0.89998
0.97998
1.06
1.14
1.22
1.3
1.38
1.46
1.54
1.62
1.7
1.78
1.86
1.9399
2.0199
2.0999
2.1799
2.2599
2.3399
2.4199
2.4999
2.5799
2.6599
2.7399
2.8199
2.8999
2.9799
3.0599
3.1399
3.2199
3.2999
3.3799
3.4598
3.5398
3.6198
3.6998
3.7798
3.8598
3.9398
4.0198
4.0998
4.1798
4.2598
4.3398
4.4197
4.4997
4.5797
4.6597
4.7397
4.8197
4.8078
4.704
4.6001
4.4962
4.3923
4.2883
4.1843
4.0803
3.9763
3.8722
3.7682
3.6641
3.56
3.4559
3.3518
3.2476
3.1435
3.0393
2.9352
2.831
2.7268
2.6227
2.5185
2.4144
2.3102
2.2061
2.1019
1.9978
1.8937
1.7896
1.6855
1.5814
1.4773
1.3733
1.2693
1.1653
1.0613
0.95739
0.85347
0.74959
0.64573
0.54191
0.43812
0.33437
0.23065
0.12697
0.02334
0.00011418
0.00068016
0.00012539
0.067586
0.14759
0.22759
0.30759
0.38758
0.46758
0.54758
0.62758
0.70758
0.78758
0.86758
0.94757
1.0276
1.1076
1.1876
1.2676
1.3476
1.4276
1.5076
1.5876
1.6676
1.7475
1.8275
1.9075
1.9875
2.0675
2.1475
2.2275
2.3075
2.3875
2.4675
2.5475
2.6275
2.7075
2.7875
2.8675
2.9475
3.0275
3.1075
3.1875
3.2675
3.3474
3.4274
3.5074
3.5874
3.6674
3.7474
3.8274
3.9074
3.9874
4.0674
4.1474
4.2274
4.3074
4.296
4.1932
4.0905
3.9877
3.8849
3.782
3.6792
3.5763
3.4734
3.3705
3.2676
3.1647
3.0618
2.9588
2.8559
2.753
2.65
2.5471
2.4441
2.3412
2.2383
2.1354
2.0324
1.9295
1.8266
1.7238
1.6209
1.5181
1.4152
1.3124
1.2096
1.1069
1.0041
0.90141
0.79873
0.69607
0.59345
0.49086
0.3883
0.28578
0.1833
0.080857
0.00068956
0.00011617
0.00067821
0.0001273
0.067397
0.1474
0.2274
0.3074
0.3874
0.46739
0.54739
0.62739
0.70739
0.78739
0.86739
0.94739
1.0274
1.1074
1.1874
1.2674
1.3474
1.4274
1.5074
1.5874
1.6674
1.7474
1.8274
1.9074
1.9873
2.0673
2.1473
2.2273
2.3073
2.3873
2.4673
2.5473
2.6273
2.7073
2.7873
2.8673
2.9473
3.0273
3.1073
3.1873
3.2673
3.3473
3.4273
3.5072
3.5872
3.6672
3.7472
3.8272
3.9072
3.9872
4.0672
4.1472
4.2272
4.3072
4.3872
4.4671
4.5471
4.6271
4.6164
4.5149
4.4134
4.3118
4.2103
4.1087
4.007
3.9054
3.8037
3.7021
3.6004
3.4986
3.3969
3.2952
3.1934
3.0917
2.9899
2.8881
2.7863
2.6846
2.5828
2.481
2.3792
2.2774
2.1757
2.0739
1.9722
1.8704
1.7687
1.667
1.5653
1.4636
1.3619
1.2603
1.1587
1.0571
0.95551
0.85397
0.75245
0.65096
0.54951
0.44809
0.43738
0.51738
0.59738
0.67738
0.75738
0.83738
0.91738
0.99737
1.0774
1.1574
1.2374
1.3174
1.3974
1.4774
1.5574
1.6374
1.7173
1.7973
1.8773
1.9573
2.0373
2.1173
2.1973
2.2773
2.3573
2.4373
2.5173
2.5973
2.6773
2.7573
2.8373
2.9173
2.9973
3.0773
3.1573
3.2373
3.3172
3.3972
3.4772
3.5572
3.6372
3.7172
3.7972
3.8772
3.9572
4.0372
4.1172
4.1972
4.2772
4.3571
4.4371
4.5171
4.5971
4.6771
4.7571
4.8371
4.9171
4.9971
5.0771
5.1571
5.237
5.2268
5.1262
5.0256
4.925
4.8243
4.7236
4.6228
4.522
4.4212
4.3204
4.2195
4.1186
4.0177
3.9168
3.8158
3.7148
3.6138
3.5128
3.4118
3.3107
3.2097
3.1086
3.0076
2.9065
2.8054
2.7043
2.6032
2.5022
2.4011
2.3
2.1989
2.0979
1.9968
1.8958
1.7947
1.6937
1.5927
1.4917
1.3907
1.3802
1.4602
1.5402
1.6202
1.7002
1.7802
1.8602
1.9402
2.0202
2.1002
2.1802
2.2602
2.3402
2.4202
2.5002
2.5802
2.6602
2.7402
2.8202
2.9002
2.9802
3.0601
3.1401
3.2201
3.3001
3.3801
3.4601
3.5401
3.6201
3.7001
3.7801
3.8601
3.9401
4.0201
4.1001
4.18
4.26
4.34
4.42
4.5
4.58
4.66
4.74
4.82
4.9
4.98
5.0599
5.1399
5.2199
5.2999
5.3799
5.4599
5.5399
5.6199
5.6999
5.7798
5.8598
5.9398
6.0198
6.0998
6.1798
6.2598
6.2497
6.1496
6.0494
5.9491
5.8488
5.7484
5.648
5.5476
5.4471
5.3465
5.2459
5.1453
5.0446
4.9439
4.8431
4.7423
4.6415
4.5407
4.4398
4.3389
4.2379
4.137
4.036
3.9349
3.8339
3.7329
3.6318
3.5307
3.4296
3.3285
3.2273
3.1262
3.025
2.9239
2.8227
2.7216
2.6204
2.5193
2.5087
2.5887
2.6687
2.7487
2.8286
2.9086
2.9886
3.0686
3.1486
3.2286
3.3086
3.3886
3.4686
3.5486
3.6286
3.7086
3.7886
3.8686
3.9486
4.0285
4.1085
4.1885
4.2685
4.3485
4.4285
4.5085
4.5885
4.6685
4.7485
4.8285
4.9084
4.9884
5.0684
5.1484
5.2284
5.3084
5.3884
5.4684
5.5484
5.6283
5.7083
5.7883
5.8683
5.9483
6.0283
6.1083
6.1883
6.2683
6.3482
6.4282
6.5082
6.5882
6.6682
6.7482
6.8282
6.9081
6.9881
7.0681
7.1481
7.2281
7.2179
7.1175
7.0171
6.9165
6.8159
6.7152
6.6145
6.5137
6.4128
6.3119
6.2109
6.1099
6.0088
5.9077
5.8065
5.7052
5.6039
5.5025
5.4012
5.2997
5.1982
5.0967
4.9951
4.8935
4.7919
4.6902
4.5885
4.4868
4.385
4.2832
4.1814
4.0796
3.9777
3.8758
3.7739
3.672
3.5701
3.4681
3.3661
3.2641
3.2532
3.3331
3.4131
3.4931
3.5731
3.6531
3.7331
3.8131
3.8931
3.9731
4.0531
4.1331
4.2131
4.2931
4.373
4.453
4.533
4.613
4.693
4.773
4.853
4.933
5.013
5.093
5.173
5.2529
5.3329
5.4129
5.4929
5.5729
5.6529
5.7329
5.8129
5.8929
5.9728
6.0528
6.1328
6.2128
6.2928
6.3728
6.4528
6.5328
6.6127
6.6927
6.7727
6.8527
6.9327
7.0127
7.0927
7.1726
7.2526
7.3326
7.4126
7.4926
7.5726
7.6526
7.7325
7.7219
7.6207
7.5193
7.4179
7.3164
7.2148
7.1132
7.0115
6.9097
6.8078
6.7059
6.6039
6.5019
6.3998
6.2976
6.1954
6.0931
5.9908
5.8884
5.7859
5.6834
5.5809
5.4783
5.3757
5.273
5.1703
5.0675
4.9647
4.8619
4.759
4.6561
4.5532
4.4502
4.3473
4.2442
4.1412
4.0381
3.935
3.8319
3.7288
3.6257
3.5225
3.4193
3.4077
3.4877
3.5677
3.6477
3.7277
3.8077
3.8877
3.9677
4.0477
4.1277
4.2077
4.2876
4.3676
4.4476
4.5276
4.6076
4.6876
4.7676
4.8476
4.9276
5.0076
5.0875
5.1675
5.2475
5.3275
5.4075
5.4875
5.5675
5.6475
5.7275
5.8075
5.8874
5.9674
6.0474
6.1274
6.2074
6.2874
6.3674
6.4474
6.5273
6.6073
6.6873
6.7673
6.8473
6.9273
7.0073
7.0872
7.1672
7.2472
7.3272
7.4072
7.4872
7.5672
7.5559
7.4534
7.3509
7.2482
7.1455
7.0427
6.9399
6.8369
6.7339
6.6309
6.5278
6.4246
6.3213
6.218
6.1147
6.0113
5.9078
5.8043
5.7007
5.5971
5.4935
5.3898
5.286
5.1822
5.0784
4.9745
4.8706
4.7667
4.6627
4.5587
4.4547
4.3506
4.2465
4.1424
4.0383
3.9341
3.83
3.7258
3.6216
3.5173
3.4131
3.3088
3.2046
3.1003
2.996
2.8918
2.7875
2.7753
2.8553
2.9353
3.0153
3.0953
3.1753
3.2553
3.3353
3.4153
3.4953
3.5753
3.6553
3.7353
3.8153
3.8952
3.9752
4.0552
4.1352
4.2152
4.2952
4.3752
4.4552
4.5352
4.6152
4.6952
4.7752
4.8551
4.9351
5.0151
5.0951
5.1751
5.2551
5.3351
5.4151
5.4951
5.5751
5.655
5.735
5.815
5.895
5.975
6.055
6.135
6.215
6.2949
6.3749
6.4549
6.5349
6.6149
6.6949
6.6831
6.5795
6.4758
6.3721
6.2683
6.1645
6.0606
5.9566
5.8526
5.7486
5.6445
5.5403
5.4361
5.3319
5.2276
5.1233
5.019
4.9146
4.8101
4.7057
4.6012
4.4966
4.3921
4.2875
4.1829
4.0783
3.9736
3.869
3.7643
3.6596
3.5548
3.4501
3.3454
3.2406
3.1358
3.0311
2.9263
2.8215
2.7167
2.612
2.5072
2.4024
2.2976
2.1929
2.0881
1.9834
1.8786
1.7739
1.6692
1.5645
1.5522
1.6322
1.7122
1.7922
1.8722
1.9522
2.0321
2.1121
2.1921
2.2721
2.3521
2.4321
2.5121
2.5921
2.6721
2.7521
2.8321
2.9121
2.9921
3.0721
3.1521
3.2321
3.3121
3.3921
3.472
3.552
3.632
3.712
3.792
3.872
3.952
4.032
4.112
4.192
4.272
4.352
4.432
4.5119
4.5919
4.6719
4.7519
4.8319
4.9119
4.9919
5.0719
5.1519
5.2319
5.3118
5.3918
5.3799
5.2759
5.1719
5.0678
4.9637
4.8596
4.7554
4.6512
4.547
4.4427
4.3384
4.2341
4.1298
4.0254
3.921
3.8166
3.7122
3.6078
3.5033
3.3989
3.2944
3.1899
3.0854
2.9809
2.8764
2.7719
2.6674
2.5629
2.4584
2.3539
2.2494
2.145
2.0405
1.936
1.8316
1.7271
1.6227
1.5183
1.4139
1.3096
1.2052
1.1009
0.9966
0.89233
0.78809
0.68389
0.57971
0.47557
0.37147
0.2674
0.16337
0.15136
0.23136
0.31136
0.39136
0.47136
0.55136
0.63136
0.71136
0.79136
0.87135
0.95135
1.0314
1.1113
1.1913
1.2713
1.3513
1.4313
1.5113
1.5913
1.6713
1.7513
1.8313
1.9113
1.9913
2.0713
2.1513
2.2313
2.3113
2.3913
2.4713
2.5513
2.6313
2.7113
2.7913
2.8713
2.9513
3.0312
3.1112
3.1912
3.2712
3.3512
3.4312
3.5112
3.5912
3.6712
3.7512
3.8312
3.9112
3.9912
4.0712
4.1511
4.2311
4.2195
4.1163
4.013
3.9097
3.8064
3.7031
3.5998
3.4964
3.3931
3.2897
3.1863
3.0829
2.9795
2.8761
2.7727
2.6693
2.5659
2.4625
2.3591
2.2557
2.1523
2.0489
1.9455
1.8422
1.7388
1.6355
1.5322
1.4289
1.3256
1.2223
1.1191
1.0159
0.9127
0.80955
0.70643
0.60333
0.50027
0.39725
0.29426
0.19131
0.088394
0.00076186
0.000045302
0.00074767
0.00005921
0.00073404
0.000072573
0.00072094
0.0086267
0.088627
0.16863
0.24863
0.32863
0.40862
0.48862
0.56862
0.64862
0.72862
0.80862
0.88862
0.96861
1.0486
1.1286
1.2086
1.2886
1.3686
1.4486
1.5286
1.6086
1.6886
1.7686
1.8486
1.9286
2.0086
2.0886
2.1686
2.2486
2.3286
2.4086
2.4885
2.5685
2.6485
2.7285
2.8085
2.8885
2.9685
3.0485
3.1285
3.2085
3.2885
3.3685
3.4485
3.5285
3.6085
3.6885
3.7684
3.8484
3.9284
4.0084
4.0884
4.1684
4.2484
4.3284
4.4084
4.4884
4.4774
4.3756
4.2737
4.1717
4.0698
3.9678
3.8658
3.7638
3.6618
3.5597
3.4577
3.3556
3.2535
3.1514
3.0493
2.9472
2.8451
2.743
2.6408
2.5387
2.4366
2.3345
2.2324
2.1303
2.0282
1.9261
1.824
1.722
1.6199
1.5179
1.4159
1.3139
1.2119
1.11
1.008
0.90615
0.80428
0.70244
0.60063
0.49885
0.39711
0.2954
0.19373
0.1829
0.2629
0.3429
0.4229
0.5029
0.5829
0.6629
0.7429
0.82289
0.90289
0.98289
1.0629
1.1429
1.2229
1.3029
1.3829
1.4629
1.5429
1.6229
1.7029
1.7829
1.8629
1.9429
2.0229
2.1028
2.1828
2.2628
2.3428
2.4228
2.5028
2.5828
2.6628
2.7428
2.8228
2.9028
2.9828
3.0628
3.1428
3.2228
3.3028
3.3828
3.4628
3.5427
3.6227
3.7027
3.7827
3.8627
3.9427
4.0227
4.1027
4.1827
4.2627
4.3427
4.4227
4.5026
4.5826
4.6626
4.7426
4.8226
4.9026
4.8922
4.7914
4.6905
4.5897
4.4888
4.3878
4.2868
4.1858
4.0848
3.9838
3.8827
3.7816
3.6805
3.5794
3.4783
3.3771
3.2759
3.1748
3.0736
2.9724
2.8712
2.77
2.6688
2.5676
2.4664
2.3652
2.264
2.1628
2.0616
1.9605
1.8593
1.7582
1.657
1.5559
1.4548
1.3537
1.2526
1.1516
1.0506
0.94959
0.9391
1.0191
1.0991
1.1791
1.2591
1.3391
1.4191
1.4991
1.5791
1.6591
1.7391
1.8191
1.8991
1.9791
2.0591
2.139
2.219
2.299
2.379
2.459
2.539
2.619
2.699
2.779
2.859
2.939
3.019
3.099
3.179
3.259
3.339
3.419
3.499
3.5789
3.6589
3.7389
3.8189
3.8989
3.9789
4.0589
4.1389
4.2189
4.2989
4.3789
4.4589
4.5388
4.6188
4.6988
4.7788
4.8588
4.9388
5.0188
5.0988
5.1788
5.2588
5.3388
5.4187
5.4987
5.5787
5.6587
5.7387
5.8187
5.8086
5.7085
5.6083
5.508
5.4077
5.3074
5.207
5.1066
5.0061
4.9056
4.8051
4.7045
4.6039
4.5033
4.4026
4.3019
4.2012
4.1004
3.9997
3.8989
3.7981
3.6972
3.5964
3.4955
3.3946
3.2937
3.1928
3.0919
2.991
2.8901
2.7891
2.6882
2.5873
2.4863
2.3854
2.2845
2.1835
2.0826
2.0722
2.1522
2.2321
2.3121
2.3921
2.4721
2.5521
2.6321
2.7121
2.7921
2.8721
2.9521
3.0321
3.1121
3.1921
3.2721
3.3521
3.4321
3.5121
3.592
3.672
3.752
3.832
3.912
3.992
4.072
4.152
4.232
4.312
4.392
4.472
4.5519
4.6319
4.7119
4.7919
4.8719
4.9519
5.0319
5.1119
5.1919
5.2719
5.3519
5.4318
5.5118
5.5918
5.6718
5.7518
5.8318
5.9118
5.9918
6.0717
6.1517
6.2317
6.3117
6.3917
6.4717
6.5517
6.6317
6.7116
6.7916
6.8716
6.8616
6.7614
6.6613
6.561
6.4607
6.3603
6.2599
6.1594
6.0588
5.9582
5.8575
5.7568
5.6561
5.5552
5.4544
5.3535
5.2525
5.1515
5.0505
4.9494
4.8483
4.7472
4.646
4.5448
4.4435
4.3423
4.241
4.1396
4.0383
3.9369
3.8355
3.7341
3.6327
3.5313
3.4298
3.3283
3.2268
3.1254
3.0239
3.0131
3.0931
3.1731
3.2531
3.3331
3.4131
3.4931
3.5731
3.653
3.733
3.813
3.893
3.973
4.053
4.133
4.213
4.293
4.373
4.453
4.533
4.6129
4.6929
4.7729
4.8529
4.9329
5.0129
5.0929
5.1729
5.2529
5.3329
5.4128
5.4928
5.5728
5.6528
5.7328
5.8128
5.8928
5.9728
6.0528
6.1327
6.2127
6.2927
6.3727
6.4527
6.5327
6.6127
6.6927
6.7726
6.8526
6.9326
7.0126
7.0926
7.1726
7.2526
7.3325
7.4125
7.4925
7.5725
7.5621
7.4614
7.3605
7.2596
7.1586
7.0575
6.9564
6.8552
6.7539
6.6526
6.5512
6.4497
6.3482
6.2466
6.145
6.0433
5.9415
5.8397
5.7378
5.6359
5.534
5.432
5.3299
5.2278
5.1257
5.0235
4.9213
4.8191
4.7168
4.6145
4.5122
4.4098
4.3074
4.205
4.1025
4
3.8975
3.795
3.6925
3.5899
3.4874
3.3848
3.3735
3.4535
3.5335
3.6135
3.6935
3.7735
3.8534
3.9334
4.0134
4.0934
4.1734
4.2534
4.3334
4.4134
4.4934
4.5734
4.6534
4.7333
4.8133
4.8933
4.9733
5.0533
5.1333
5.2133
5.2933
5.3733
5.4533
5.5332
5.6132
5.6932
5.7732
5.8532
5.9332
6.0132
6.0932
6.1732
6.2531
6.3331
6.4131
6.4931
6.5731
6.6531
6.7331
6.813
6.893
6.973
7.053
7.133
7.213
7.293
7.3729
7.4529
7.5329
7.6129
7.6929
7.682
7.5801
7.4781
7.3761
7.274
7.1718
7.0695
6.9672
6.8648
6.7624
6.6598
6.5572
6.4546
6.3519
6.2491
6.1463
6.0434
5.9404
5.8374
5.7344
5.6313
5.5282
5.425
5.3218
5.2185
5.1152
5.0118
4.9084
4.805
4.7016
4.5981
4.4945
4.391
4.2874
4.1838
4.0802
3.9765
3.8729
3.7692
3.6655
3.5618
3.458
3.3543
3.2505
3.1468
3.1349
3.2149
3.2949
3.3749
3.4548
3.5348
3.6148
3.6948
3.7748
3.8548
3.9348
4.0148
4.0948
4.1748
4.2548
4.3348
4.4148
4.4947
4.5747
4.6547
4.7347
4.8147
4.8947
4.9747
5.0547
5.1347
5.2147
5.2946
5.3746
5.4546
5.5346
5.6146
5.6946
5.7746
5.8546
5.9346
6.0145
6.0945
6.1745
6.2545
6.3345
6.4145
6.4945
6.5745
6.6544
6.7344
6.8144
6.8944
6.9744
7.0544
7.1344
7.1228
7.0197
6.9166
6.8133
6.71
6.6067
6.5033
6.3998
6.2962
6.1926
6.089
5.9853
5.8815
5.7777
5.6738
5.5699
5.466
5.362
5.2579
5.1538
5.0497
4.9455
4.8413
4.7371
4.6328
4.5286
4.4242
4.3199
4.2155
4.1111
4.0067
3.9022
3.7978
3.6933
3.5888
3.4843
3.3798
3.2752
3.1707
3.0661
2.9616
2.857
2.7525
2.6479
2.5433
2.4388
2.3342
2.2297
2.1251
2.1129
2.1928
2.2728
2.3528
2.4328
2.5128
2.5928
2.6728
2.7528
2.8328
2.9128
2.9928
3.0728
3.1528
3.2328
3.3128
3.3928
3.4728
3.5527
3.6327
3.7127
3.7927
3.8727
3.9527
4.0327
4.1127
4.1927
4.2727
4.3527
4.4327
4.5127
4.5926
4.6726
4.7526
4.8326
4.9126
4.9926
5.0726
5.1526
5.2326
5.3126
5.3925
5.4725
5.5525
5.6325
5.7125
5.7925
5.8725
5.9525
5.9405
5.8367
5.7328
5.6289
5.5249
5.4208
5.3167
5.2126
5.1084
5.0042
4.9
4.7957
4.6914
4.5871
4.4827
4.3783
4.2739
4.1694
4.065
3.9605
3.8559
3.7514
3.6469
3.5423
3.4377
3.3331
3.2285
3.1239
3.0193
2.9147
2.8101
2.7054
2.6008
2.4962
2.3916
2.2869
2.1823
2.0777
1.9732
1.8686
1.764
1.6595
1.5549
1.4504
1.3459
1.2414
1.137
1.0326
0.92818
0.82381
0.71947
0.70731
0.78731
0.86731
0.94731
1.0273
1.1073
1.1873
1.2673
1.3473
1.4273
1.5073
1.5873
1.6673
1.7473
1.8273
1.9073
1.9873
2.0673
2.1473
2.2273
2.3073
2.3872
2.4672
2.5472
2.6272
2.7072
2.7872
2.8672
2.9472
3.0272
3.1072
3.1872
3.2672
3.3472
3.4272
3.5072
3.5872
3.6672
3.7471
3.8271
3.9071
3.9871
4.0671
4.1471
4.2271
4.3071
4.3871
4.4671
4.5471
4.6271
4.707
4.6953
4.5917
4.4881
4.3844
4.2808
4.1771
4.0734
3.9697
3.8659
3.7621
3.6583
3.5545
3.4507
3.3469
3.243
3.1392
3.0353
2.9315
2.8276
2.7237
2.6199
2.516
2.4121
2.3083
2.2044
2.1006
1.9967
1.8929
1.7891
1.6853
1.5815
1.4778
1.374
1.2703
1.1666
1.0629
0.95926
0.85564
0.75204
0.64848
0.54495
0.44145
0.33799
0.23457
0.13118
0.027836
0.00016013
0.00063511
0.00016954
0.063215
0.14322
0.22321
0.30321
0.38321
0.46321
0.54321
0.62321
0.70321
0.78321
0.86321
0.9432
1.0232
1.1032
1.1832
1.2632
1.3432
1.4232
1.5032
1.5832
1.6632
1.7432
1.8232
1.9032
1.9832
2.0632
2.1432
2.2232
2.3031
2.3831
2.4631
2.5431
2.6231
2.7031
2.7831
2.8631
2.9431
3.0231
3.1031
3.1831
3.2631
3.3431
3.4231
3.5031
3.5831
3.663
3.743
3.823
3.903
3.983
4.063
4.143
4.223
4.303
4.383
4.3718
4.2693
4.1668
4.0643
3.9618
3.8593
3.7567
3.6541
3.5516
3.4489
3.3463
3.2437
3.1411
3.0384
2.9358
2.8331
2.7304
2.6278
2.5251
2.4225
2.3198
2.2171
2.1145
2.0119
1.9092
1.8066
1.704
1.6015
1.4989
1.3963
1.2938
1.1913
1.0888
0.98637
0.88394
0.78153
0.67916
0.57682
0.47451
0.37224
0.27
0.1678
0.065645
0.00054035
0.00026243
0.054019
0.13402
0.21402
0.29402
0.37402
0.45402
0.53402
0.61401
0.69401
0.77401
0.85401
0.93401
1.014
1.094
1.174
1.254
1.334
1.414
1.494
1.574
1.654
1.734
1.814
1.894
1.974
2.054
2.134
2.214
2.294
2.3739
2.4539
2.5339
2.6139
2.6939
2.7739
2.8539
2.9339
3.0139
3.0939
3.1739
3.2539
3.3339
3.4139
3.4939
3.5739
3.6539
3.7338
3.8138
3.8938
3.9738
4.0538
4.1338
4.2138
4.2938
4.3738
4.4538
4.5338
4.6138
4.6937
4.6831
4.5819
4.4806
4.3793
4.2779
4.1766
4.0752
3.9738
3.8723
3.7709
3.6694
3.5679
3.4664
3.3649
3.2634
3.1619
3.0603
2.9588
2.8572
2.7556
2.6541
2.5525
2.4509
2.3494
2.2478
2.1463
2.0447
1.9432
1.8417
1.7402
1.6387
1.5372
1.4357
1.3343
1.2329
1.1315
1.0301
0.92874
0.82742
0.72613
0.62486
0.61424
0.69424
0.77423
0.85423
0.93423
1.0142
1.0942
1.1742
1.2542
1.3342
1.4142
1.4942
1.5742
1.6542
1.7342
1.8142
1.8942
1.9742
2.0542
2.1342
2.2142
2.2942
2.3742
2.4542
2.5342
2.6142
2.6942
2.7741
2.8541
2.9341
3.0141
3.0941
3.1741
3.2541
3.3341
3.4141
3.4941
3.5741
3.6541
3.7341
3.8141
3.8941
3.974
4.054
4.134
4.214
4.294
4.374
4.454
4.534
4.614
4.694
4.774
4.8539
4.9339
5.0139
5.0939
5.1739
5.2539
5.3339
5.4139
5.4037
5.3033
5.2028
5.1023
5.0018
4.9012
4.8006
4.6999
4.5992
4.4985
4.3978
4.297
4.1962
4.0954
3.9945
3.8937
3.7928
3.6919
3.5909
3.49
3.389
3.2881
3.1871
3.0861
2.9851
2.8841
2.7831
2.6821
2.5811
2.4801
2.3791
2.2781
2.1771
2.0761
1.9751
1.8741
1.7731
1.6722
1.5713
1.5608
1.6408
1.7208
1.8008
1.8808
1.9608
2.0408
2.1208
2.2008
2.2808
2.3608
2.4408
2.5208
2.6008
2.6807
2.7607
2.8407
2.9207
3.0007
3.0807
3.1607
3.2407
3.3207
3.4007
3.4807
3.5607
3.6407
3.7207
3.8007
3.8806
3.9606
4.0406
4.1206
4.2006
4.2806
4.3606
4.4406
4.5206
4.6006
4.6806
4.7606
4.8405
4.9205
5.0005
5.0805
5.1605
5.2405
5.3205
5.4005
5.4805
5.5604
5.6404
5.7204
5.8004
5.8804
5.9604
6.0404
6.1204
6.2004
6.2803
6.3603
6.4403
6.4303
6.3302
6.23
6.1298
6.0295
5.9292
5.8288
5.7283
5.6278
5.5273
5.4267
5.3261
5.2254
5.1247
5.0239
4.9231
4.8223
4.7214
4.6205
4.5196
4.4186
4.3176
4.2166
4.1156
4.0145
3.9134
3.8123
3.7112
3.61
3.5089
3.4077
3.3065
3.2053
3.1041
3.0029
2.9017
2.8004
2.6992
2.6886
2.7686
2.8486
2.9286
3.0086
3.0885
3.1685
3.2485
3.3285
3.4085
3.4885
3.5685
3.6485
3.7285
3.8085
3.8885
3.9685
4.0485
4.1285
4.2084
4.2884
4.3684
4.4484
4.5284
4.6084
4.6884
4.7684
4.8484
4.9284
5.0083
5.0883
5.1683
5.2483
5.3283
5.4083
5.4883
5.5683
5.6483
5.7283
5.8082
5.8882
5.9682
6.0482
6.1282
6.2082
6.2882
6.3682
6.4481
6.5281
6.6081
6.6881
6.7681
6.8481
6.9281
7.008
7.088
7.168
7.248
7.328
7.408
7.3978
7.2973
7.1967
7.0961
6.9955
6.8947
6.7939
6.693
6.592
6.491
6.3899
6.2888
6.1876
6.0863
5.985
5.8837
5.7822
5.6808
5.5792
5.4777
5.3761
5.2744
5.1727
5.071
4.9692
4.8674
4.7656
4.6637
4.5618
4.4598
4.3579
4.2559
4.1538
4.0518
3.9497
3.8476
3.7455
3.6434
3.5412
3.4391
3.428
3.508
3.588
3.668
3.7479
3.8279
3.9079
3.9879
4.0679
4.1479
4.2279
4.3079
4.3879
4.4679
4.5479
4.6279
4.7078
4.7878
4.8678
4.9478
5.0278
5.1078
5.1878
5.2678
5.3478
5.4278
5.5077
5.5877
5.6677
5.7477
5.8277
5.9077
5.9877
6.0677
6.1476
6.2276
6.3076
6.3876
6.4676
6.5476
6.6276
6.7076
6.7875
6.8675
6.9475
7.0275
7.1075
7.1875
7.2675
7.3474
7.4274
7.5074
7.5874
7.6674
7.7474
7.8274
7.8166
7.7152
7.6136
7.512
7.4103
7.3086
7.2067
7.1048
7.0028
6.9008
6.7986
6.6964
6.5942
6.4919
6.3895
6.287
6.1845
6.082
5.9794
5.8767
5.774
5.6712
5.5684
5.4656
5.3627
5.2597
5.1567
5.0537
4.9506
4.8475
4.7444
4.6412
4.538
4.4348
4.3315
4.2283
4.125
4.0216
3.9183
3.8149
3.7115
3.6081
3.5047
3.4012
3.3895
3.4695
3.5495
3.6295
3.7095
3.7895
3.8695
3.9495
4.0294
4.1094
4.1894
4.2694
4.3494
4.4294
4.5094
4.5894
4.6694
4.7494
4.8294
4.9094
4.9893
5.0693
5.1493
5.2293
5.3093
5.3893
5.4693
5.5493
5.6293
5.7092
5.7892
5.8692
5.9492
6.0292
6.1092
6.1892
6.2692
6.3491
6.4291
6.5091
6.5891
6.6691
6.7491
6.8291
6.9091
6.989
7.069
7.149
7.229
7.309
7.389
7.469
7.4576
7.3548
7.252
7.1491
7.0461
6.943
6.8399
6.7367
6.6335
6.5302
6.4268
6.3234
6.2199
6.1163
6.0127
5.909
5.8053
5.7016
5.5978
5.4939
5.39
5.2861
5.1821
5.0781
4.974
4.8699
4.7658
4.6616
4.5574
4.4532
4.3489
4.2446
4.1403
4.036
3.9317
3.8273
3.7229
3.6185
3.5141
3.4097
3.3052
3.2008
3.0963
2.9918
2.8874
2.7829
2.6784
2.574
2.5617
2.6417
2.7217
2.8017
2.8817
2.9617
3.0417
3.1217
3.2017
3.2817
3.3617
3.4417
3.5216
3.6016
3.6816
3.7616
3.8416
3.9216
4.0016
4.0816
4.1616
4.2416
4.3216
4.4016
4.4815
4.5615
4.6415
4.7215
4.8015
4.8815
4.9615
5.0415
5.1215
5.2015
5.2815
5.3614
5.4414
5.5214
5.6014
5.6814
5.7614
5.8414
5.9214
6.0014
6.0813
6.1613
6.2413
6.3213
6.4013
6.3894
6.2856
6.1817
6.0778
5.9739
5.8699
5.7658
5.6617
5.5575
5.4533
5.349
5.2448
5.1404
5.036
4.9316
4.8272
4.7227
4.6182
4.5136
4.4091
4.3045
4.1998
4.0952
3.9905
3.8858
3.7811
3.6764
3.5717
3.4669
3.3621
3.2574
3.1526
3.0478
2.943
2.8382
2.7334
2.6286
2.5238
2.419
2.3142
2.2094
2.1046
1.9998
1.8951
1.7903
1.6856
1.5809
1.4762
1.3715
1.2668
1.1622
1.1499
1.2299
1.3099
1.3899
1.4699
1.5499
1.6299
1.7099
1.7899
1.8699
1.9499
2.0298
2.1098
2.1898
2.2698
2.3498
2.4298
2.5098
2.5898
2.6698
2.7498
2.8298
2.9098
2.9898
3.0698
3.1498
3.2298
3.3098
3.3898
3.4697
3.5497
3.6297
3.7097
3.7897
3.8697
3.9497
4.0297
4.1097
4.1897
4.2697
4.3497
4.4297
4.5096
4.5896
4.6696
4.7496
4.8296
4.9096
4.9896
5.0696
5.0576
4.9537
4.8498
4.7458
4.6418
4.5378
4.4338
4.3297
4.2256
4.1214
4.0173
3.9131
3.8089
3.7047
3.6004
3.4962
3.3919
3.2877
3.1834
3.0791
2.9748
2.8705
2.7662
2.6619
2.5576
2.4533
2.349
2.2447
2.1404
2.0362
1.9319
1.8276
1.7234
1.6192
1.515
1.4108
1.3066
1.2025
1.0984
0.99429
0.89022
0.78619
0.68218
0.57821
0.47427
0.37036
0.2665
0.16267
0.05888
0.00046531
0.033935
0.11393
0.19393
0.27393
0.35393
0.43393
0.51393
0.59393
0.67393
0.75393
0.83393
0.91392
0.99392
1.0739
1.1539
1.2339
1.3139
1.3939
1.4739
1.5539
1.6339
1.7139
1.7939
1.8739
1.9539
2.0339
2.1139
2.1939
2.2739
2.3539
2.4339
2.5139
2.5939
2.6738
2.7538
2.8338
2.9138
2.9938
3.0738
3.1538
3.2338
3.3138
3.3938
3.4738
3.5538
3.6338
3.7138
3.7938
3.8737
3.9537
4.0337
4.1137
4.1937
4.1822
4.0793
3.9763
3.8733
3.7703
3.6673
3.5642
3.4611
3.3581
3.255
3.1519
3.0488
2.9457
2.8425
2.7394
2.6363
2.5332
2.4301
2.327
2.2239
2.1208
2.0177
1.9146
1.8115
1.7085
1.6054
1.5024
1.3994
1.2964
1.1934
1.0905
0.98759
0.88471
0.78185
0.67902
0.57622
0.47346
0.37073
0.26804
0.16539
0.062775
0.00050969
0.00029248
0.00050539
0.0002967
0.00050126
0.00030075
0.050226
0.13023
0.21023
0.29022
0.37022
0.45022
0.53022
0.61022
0.69022
0.77022
0.85022
0.93022
1.0102
1.0902
1.1702
1.2502
1.3302
1.4102
1.4902
1.5702
1.6502
1.7302
1.8102
1.8902
1.9702
2.0502
2.1302
2.2102
2.2902
2.3702
2.4502
2.5301
2.6101
2.6901
2.7701
2.8501
2.9301
3.0101
3.0901
3.1701
3.2501
3.3301
3.4101
3.4901
3.5701
3.6501
3.7301
3.81
3.89
3.97
4.05
4.13
4.21
4.29
4.37
4.45
4.53
4.61
4.5992
4.4976
4.3959
4.2943
4.1926
4.0909
3.9891
3.8874
3.7856
3.6838
3.582
3.4802
3.3783
3.2765
3.1746
3.0727
2.9709
2.869
2.7671
2.6652
2.5633
2.4614
2.3596
2.2577
2.1558
2.0539
1.9521
1.8502
1.7484
1.6466
1.5448
1.443
1.3412
1.2395
1.1378
1.0361
0.93438
0.83273
0.73111
0.62952
0.52797
0.42644
0.41569
0.49569
0.57569
0.65569
0.73569
0.81568
0.89568
0.97568
1.0557
1.1357
1.2157
1.2957
1.3757
1.4557
1.5357
1.6157
1.6957
1.7757
1.8556
1.9356
2.0156
2.0956
2.1756
2.2556
2.3356
2.4156
2.4956
2.5756
2.6556
2.7356
2.8156
2.8956
2.9756
3.0556
3.1356
3.2156
3.2956
3.3756
3.4555
3.5355
3.6155
3.6955
3.7755
3.8555
3.9355
4.0155
4.0955
4.1755
4.2555
4.3355
4.4154
4.4954
4.5754
4.6554
4.7354
4.8154
4.8954
4.9754
5.0554
5.1354
5.2154
5.205
5.1044
5.0037
4.9029
4.8021
4.7013
4.6005
4.4996
4.3987
4.2978
4.1968
4.0958
3.9948
3.8938
3.7927
3.6917
3.5906
3.4895
3.3883
3.2872
3.1861
3.0849
2.9838
2.8826
2.7814
2.6803
2.5791
2.4779
2.3767
2.2756
2.1744
2.0733
1.9721
1.871
1.7699
1.6688
1.5677
1.4666
1.3655
1.355
1.435
1.515
1.595
1.675
1.755
1.835
1.915
1.995
2.075
2.155
2.235
2.315
2.395
2.475
2.555
2.635
2.715
2.7949
2.8749
2.9549
3.0349
3.1149
3.1949
3.2749
3.3549
3.4349
3.5149
3.5949
3.6749
3.7549
3.8349
3.9149
3.9948
4.0748
4.1548
4.2348
4.3148
4.3948
4.4748
4.5548
4.6348
4.7148
4.7948
4.8747
4.9547
5.0347
5.1147
5.1947
5.2747
5.3547
5.4347
5.5147
5.5947
5.6746
5.7546
5.8346
5.9146
5.9946
6.0746
6.1546
6.2346
6.2245
6.1242
6.024
5.9236
5.8232
5.7228
5.6223
5.5218
5.4212
5.3206
5.2199
5.1192
5.0184
4.9176
4.8168
4.7159
4.615
4.5141
4.4131
4.3122
4.2111
4.1101
4.009
3.908
3.8068
3.7057
3.6046
3.5034
3.4022
3.3011
3.1999
3.0987
2.9974
2.8962
2.795
2.6938
2.5925
2.4913
2.4807
2.5607
2.6407
2.7207
2.8007
2.8807
2.9607
3.0407
3.1207
3.2007
3.2806
3.3606
3.4406
3.5206
3.6006
3.6806
3.7606
3.8406
3.9206
4.0006
4.0806
4.1606
4.2406
4.3205
4.4005
4.4805
4.5605
4.6405
4.7205
4.8005
4.8805
4.9605
5.0405
5.1205
5.2004
5.2804
5.3604
5.4404
5.5204
5.6004
5.6804
5.7604
5.8404
5.9203
6.0003
6.0803
6.1603
6.2403
6.3203
6.4003
6.4803
6.5602
6.6402
6.7202
6.8002
6.8802
6.9602
7.0402
7.1201
7.2001
7.1899
7.0895
6.9889
6.8883
6.7877
6.6869
6.5861
6.4853
6.3844
6.2834
6.1823
6.0813
5.9801
5.8789
5.7776
5.6763
5.575
5.4736
5.3721
5.2706
5.1691
5.0675
4.9659
4.8642
4.7626
4.6608
4.5591
4.4573
4.3555
4.2537
4.1518
4.0499
3.948
3.846
3.7441
3.6421
3.5401
3.4381
3.3361
3.2341
3.2231
3.3031
3.3831
3.4631
3.5431
3.623
3.703
3.783
3.863
3.943
4.023
4.103
4.183
4.263
4.343
4.423
4.503
4.5829
4.6629
4.7429
4.8229
4.9029
4.9829
5.0629
5.1429
5.2229
5.3029
5.3828
5.4628
5.5428
5.6228
5.7028
5.7828
5.8628
5.9428
6.0228
6.1027
6.1827
6.2627
6.3427
6.4227
6.5027
6.5827
6.6627
6.7426
6.8226
6.9026
6.9826
7.0626
7.1426
7.2226
7.3025
7.3825
7.4625
7.5425
7.6225
7.7025
7.6918
7.5905
7.4891
7.3877
7.2862
7.1845
7.0829
6.9811
6.8793
6.7774
6.6754
6.5734
6.4713
6.3692
6.267
6.1647
6.0624
5.96
5.8576
5.7551
5.6526
5.55
5.4474
5.3448
5.2421
5.1393
5.0365
4.9337
4.8308
4.7279
4.625
4.5221
4.4191
4.316
4.213
4.1099
4.0068
3.9037
3.8006
3.6975
3.5943
3.4911
3.3879
3.3763
3.4563
3.5363
3.6163
3.6963
3.7763
3.8563
3.9363
4.0162
4.0962
4.1762
4.2562
4.3362
4.4162
4.4962
4.5762
4.6562
4.7362
4.8162
4.8961
4.9761
5.0561
5.1361
5.2161
5.2961
5.3761
5.4561
5.5361
5.6161
5.696
5.776
5.856
5.936
6.016
6.096
6.176
6.256
6.3359
6.4159
6.4959
6.5759
6.6559
6.7359
6.8159
6.8959
6.9758
7.0558
7.1358
7.2158
7.2958
7.3758
7.4558
7.5357
7.5245
7.422
7.3194
7.2167
7.114
7.0112
6.9083
6.8054
6.7024
6.5993
6.4962
6.393
6.2897
6.1864
6.083
5.9796
5.8761
5.7726
5.669
5.5654
5.4617
5.358
5.2543
5.1505
5.0466
4.9428
4.8389
4.7349
4.6309
4.5269
4.4229
4.3188
4.2147
4.1106
4.0065
3.9023
3.7981
3.6939
3.5897
3.4855
3.3813
3.277
3.1728
3.0685
2.9642
2.86
2.7557
2.7435
2.8235
2.9035
2.9835
3.0635
3.1435
3.2235
3.3035
3.3835
3.4635
3.5435
3.6235
3.7035
3.7835
3.8634
3.9434
4.0234
4.1034
4.1834
4.2634
4.3434
4.4234
4.5034
4.5834
4.6634
4.7434
4.8233
4.9033
4.9833
5.0633
5.1433
5.2233
5.3033
5.3833
5.4633
5.5432
5.6232
5.7032
5.7832
5.8632
5.9432
6.0232
6.1032
6.1832
6.2631
6.3431
6.4231
6.5031
6.5831
6.6631
6.6513
6.5477
6.444
6.3403
6.2365
6.1327
6.0288
5.9249
5.8209
5.7168
5.6127
5.5086
5.4044
5.3002
5.1959
5.0916
4.9873
4.8829
4.7785
4.674
4.5696
4.465
4.3605
4.2559
4.1514
4.0467
3.9421
3.8375
3.7328
3.6281
3.5234
3.4187
3.314
3.2092
3.1045
2.9997
2.895
2.7902
2.6855
2.5807
2.4759
2.3712
2.2664
2.1617
2.057
1.9522
1.8475
1.7428
1.6382
1.5335
1.5212
1.6012
1.6812
1.7612
1.8412
1.9212
2.0012
2.0812
2.1611
2.2411
2.3211
2.4011
2.4811
2.5611
2.6411
2.7211
2.8011
2.8811
2.9611
3.0411
3.1211
3.2011
3.2811
3.3611
3.4411
3.5211
3.601
3.681
3.761
3.841
3.921
4.001
4.081
4.161
4.241
4.321
4.401
4.481
4.5609
4.6409
4.7209
4.8009
4.8809
4.9609
5.0409
5.1209
5.2009
5.2809
5.3608
5.3489
5.2449
5.1409
5.0369
4.9329
4.8287
4.7246
4.6204
4.5163
4.412
4.3078
4.2035
4.0992
3.9949
3.8905
3.7862
3.6818
3.5774
3.473
3.3685
3.2641
3.1597
3.0552
2.9507
2.8463
2.7418
2.6374
2.5329
2.4284
2.324
2.2195
2.1151
2.0107
1.9062
1.8018
1.6974
1.5931
1.4887
1.3844
1.28
1.1758
1.0715
0.96724
0.86302
0.75883
0.65467
0.55055
0.44646
0.3424
0.23838
0.13441
0.12243
0.20243
0.28243
0.36243
0.44243
0.52242
0.60242
0.68242
0.76242
0.84242
0.92242
1.0024
1.0824
1.1624
1.2424
1.3224
1.4024
1.4824
1.5624
1.6424
1.7224
1.8024
1.8824
1.9624
2.0424
2.1224
2.2024
2.2824
2.3624
2.4424
2.5223
2.6023
2.6823
2.7623
2.8423
2.9223
3.0023
3.0823
3.1623
3.2423
3.3223
3.4023
3.4823
3.5623
3.6423
3.7223
3.8022
3.8822
3.9622
4.0422
4.1222
4.2022
4.1906
4.0874
3.9842
3.881
3.7777
3.6745
3.5712
3.4679
3.3646
3.2613
3.1579
3.0546
2.9513
2.8479
2.7446
2.6412
2.5379
2.4345
2.3312
2.2278
2.1245
2.0212
1.9179
1.8146
1.7113
1.608
1.5047
1.4015
1.2983
1.1951
1.0919
0.98878
0.88566
0.78257
0.67951
0.57649
0.47349
0.37053
0.26761
0.16473
0.061884
0.00049972
0.00030225
0.00049581
0.00030609
0.00049205
0.00030977
0.00048844
0.031644
0.11164
0.19164
0.27164
0.35164
0.43164
0.51164
0.59164
0.67164
0.75164
0.83164
0.91163
0.99163
1.0716
1.1516
1.2316
1.3116
1.3916
1.4716
1.5516
1.6316
1.7116
1.7916
1.8716
1.9516
2.0316
2.1116
2.1916
2.2716
2.3516
2.4316
2.5116
2.5916
2.6716
2.7515
2.8315
2.9115
2.9915
3.0715
3.1515
3.2315
3.3115
3.3915
3.4715
3.5515
3.6315
3.7115
3.7915
3.8715
3.9514
4.0314
4.1114
4.1914
4.2714
4.3514
4.4314
4.5114
4.5005
4.3987
4.2968
4.195
4.0931
3.9912
3.8892
3.7873
3.6853
3.5833
3.4813
3.3793
3.2772
3.1752
3.0732
2.9711
2.869
2.767
2.6649
2.5628
2.4608
2.3587
2.2566
2.1546
2.0525
1.9505
1.8485
1.7465
1.6445
1.5425
1.4405
1.3386
1.2367
1.1348
1.0329
0.93103
0.8292
0.72741
0.62564
0.52391
0.42221
0.32055
0.21892
0.20811
0.28811
0.36811
0.44811
0.52811
0.60811
0.68811
0.76811
0.84811
0.9281
1.0081
1.0881
1.1681
1.2481
1.3281
1.4081
1.4881
1.5681
1.6481
1.7281
1.8081
1.8881
1.9681
2.0481
2.1281
2.2081
2.288
2.368
2.448
2.528
2.608
2.688
2.768
2.848
2.928
3.008
3.088
3.168
3.248
3.328
3.408
3.488
3.568
3.6479
3.7279
3.8079
3.8879
3.9679
4.0479
4.1279
4.2079
4.2879
4.3679
4.4479
4.5279
4.6078
4.6878
4.7678
4.8478
4.9278
4.9174
4.8167
4.7159
4.615
4.5141
4.4132
4.3123
4.2114
4.1104
4.0094
3.9083
3.8073
3.7062
3.6051
3.504
3.4029
3.3018
3.2006
3.0995
2.9983
2.8972
2.796
2.6948
2.5937
2.4925
2.3913
2.2902
2.189
2.0879
1.9867
1.8856
1.7845
1.6834
1.5823
1.4812
1.3801
1.2791
1.1781
1.0771
0.9761
0.96562
1.0456
1.1256
1.2056
1.2856
1.3656
1.4456
1.5256
1.6056
1.6856
1.7656
1.8456
1.9256
2.0056
2.0856
2.1656
2.2456
2.3256
2.4056
2.4856
2.5656
2.6455
2.7255
2.8055
2.8855
2.9655
3.0455
3.1255
3.2055
3.2855
3.3655
3.4455
3.5255
3.6055
3.6855
3.7655
3.8455
3.9254
4.0054
4.0854
4.1654
4.2454
4.3254
4.4054
4.4854
4.5654
4.6454
4.7254
4.8053
4.8853
4.9653
5.0453
5.1253
5.2053
5.2853
5.3653
5.4453
5.5253
5.6052
5.6852
5.7652
5.8452
5.8352
5.735
5.6349
5.5346
5.4344
5.334
5.2337
5.1333
5.0328
4.9324
4.8318
4.7313
4.6307
4.5301
4.4294
4.3288
4.228
4.1273
4.0266
3.9258
3.825
3.7242
3.6233
3.5225
3.4216
3.3207
3.2198
3.1189
3.018
2.9171
2.8162
2.7153
2.6143
2.5134
2.4125
2.3116
2.2106
2.1097
2.0993
2.1793
2.2593
2.3393
2.4193
2.4993
2.5792
2.6592
2.7392
2.8192
2.8992
2.9792
3.0592
3.1392
3.2192
3.2992
3.3792
3.4592
3.5392
3.6192
3.6992
3.7792
3.8591
3.9391
4.0191
4.0991
4.1791
4.2591
4.3391
4.4191
4.4991
4.5791
4.6591
4.739
4.819
4.899
4.979
5.059
5.139
5.219
5.299
5.379
5.459
5.5389
5.6189
5.6989
5.7789
5.8589
5.9389
6.0189
6.0989
6.1789
6.2588
6.3388
6.4188
6.4988
6.5788
6.6588
6.7388
6.8187
6.8987
6.8887
6.7886
6.6884
6.5881
6.4878
6.3874
6.287
6.1865
6.086
5.9854
5.8847
5.784
5.6832
5.5824
5.4816
5.3806
5.2797
5.1787
5.0777
4.9766
4.8755
4.7743
4.6732
4.5719
4.4707
4.3694
4.2681
4.1668
4.0654
3.9641
3.8627
3.7613
3.6598
3.5584
3.4569
3.3554
3.2539
3.1524
3.0509
3.0402
3.1202
3.2002
3.2801
3.3601
3.4401
3.5201
3.6001
3.6801
3.7601
3.8401
3.9201
4.0001
4.0801
4.1601
4.2401
4.32
4.4
4.48
4.56
4.64
4.72
4.8
4.88
4.96
5.04
5.12
5.1999
5.2799
5.3599
5.4399
5.5199
5.5999
5.6799
5.7599
5.8399
5.9198
5.9998
6.0798
6.1598
6.2398
6.3198
6.3998
6.4798
6.5597
6.6397
6.7197
6.7997
6.8797
6.9597
7.0397
7.1196
7.1996
7.2796
7.3596
7.4396
7.5196
7.5996
7.5892
7.4884
7.3876
7.2866
7.1856
7.0845
6.9834
6.8822
6.7809
6.6795
6.5781
6.4766
6.3751
6.2735
6.1718
6.0701
5.9683
5.8665
5.7646
5.6627
5.5608
5.4587
5.3567
5.2546
5.1524
5.0502
4.948
4.8457
4.7434
4.6411
4.5387
4.4363
4.3339
4.2315
4.129
4.0265
3.924
3.8214
3.7189
3.6163
3.5137
3.4111
3.3998
3.4798
3.5598
3.6398
3.7197
3.7997
3.8797
3.9597
4.0397
4.1197
4.1997
4.2797
4.3597
4.4397
4.5197
4.5997
4.6796
4.7596
4.8396
4.9196
4.9996
5.0796
5.1596
5.2396
5.3196
5.3996
5.4795
5.5595
5.6395
5.7195
5.7995
5.8795
5.9595
6.0395
6.1195
6.1994
6.2794
6.3594
6.4394
6.5194
6.5994
6.6794
6.7594
6.8393
6.9193
6.9993
7.0793
7.1593
7.2393
7.3193
7.3992
7.4792
7.5592
7.6392
7.6282
7.5263
7.4243
7.3223
7.2201
7.1179
7.0156
6.9132
6.8108
6.7083
6.6057
6.5031
6.4004
6.2977
6.1949
6.092
5.9891
5.8862
5.7831
5.6801
5.577
5.4738
5.3706
5.2673
5.164
5.0607
4.9573
4.8539
4.7505
4.647
4.5435
4.44
4.3364
4.2328
4.1292
4.0256
3.9219
3.8183
3.7146
3.6108
3.5071
3.4034
3.2996
3.1959
3.0921
2.9883
2.9764
3.0564
3.1364
3.2164
3.2964
3.3764
3.4564
3.5364
3.6164
3.6964
3.7764
3.8564
3.9364
4.0163
4.0963
4.1763
4.2563
4.3363
4.4163
4.4963
4.5763
4.6563
4.7363
4.8163
4.8962
4.9762
5.0562
5.1362
5.2162
5.2962
5.3762
5.4562
5.5362
5.6162
5.6961
5.7761
5.8561
5.9361
6.0161
6.0961
6.1761
6.2561
6.336
6.416
6.496
6.576
6.656
6.736
6.816
6.896
6.9759
6.9644
6.8613
6.7581
6.6549
6.5516
6.4483
6.3449
6.2414
6.1379
6.0343
5.9306
5.8269
5.7232
5.6194
5.5156
5.4117
5.3078
5.2038
5.0998
4.9958
4.8917
4.7876
4.6834
4.5792
4.475
4.3708
4.2665
4.1622
4.0579
3.9536
3.8492
3.7449
3.6405
3.5361
3.4317
3.3272
3.2228
3.1183
3.0139
2.9094
2.805
2.7005
2.596
2.4916
2.3871
2.2827
2.1782
2.0738
1.9694
1.9571
2.0371
2.1171
2.1971
2.2771
2.3571
2.4371
2.5171
2.5971
2.6771
2.7571
2.8371
2.9171
2.9971
3.0771
3.1571
3.2371
3.3171
3.3971
3.477
3.557
3.637
3.717
3.797
3.877
3.957
4.037
4.117
4.197
4.277
4.357
4.4369
4.5169
4.5969
4.6769
4.7569
4.8369
4.9169
4.9969
5.0769
5.1569
5.2369
5.3168
5.3968
5.4768
5.5568
5.6368
5.7168
5.7968
5.8768
5.8649
5.7612
5.6574
5.5536
5.4497
5.3458
5.2419
5.1379
5.0339
4.9298
4.8257
4.7216
4.6174
4.5132
4.409
4.3047
4.2005
4.0962
3.9918
3.8875
3.7831
3.6788
3.5744
3.4699
3.3655
3.2611
3.1567
3.0522
2.9478
2.8433
2.7388
2.6344
2.5299
2.4255
2.321
2.2166
2.1121
2.0077
1.9033
1.7989
1.6945
1.5901
1.4857
1.3814
1.2771
1.1728
1.0685
0.96429
0.86007
0.75589
0.7438
0.8238
0.9038
0.9838
1.0638
1.1438
1.2238
1.3038
1.3838
1.4638
1.5438
1.6238
1.7038
1.7838
1.8638
1.9438
2.0238
2.1038
2.1837
2.2637
2.3437
2.4237
2.5037
2.5837
2.6637
2.7437
2.8237
2.9037
2.9837
3.0637
3.1437
3.2237
3.3037
3.3837
3.4637
3.5437
3.6236
3.7036
3.7836
3.8636
3.9436
4.0236
4.1036
4.1836
4.2636
4.3436
4.4236
4.5036
4.5835
4.6635
4.7435
4.7318
4.6284
4.5249
4.4215
4.3179
4.2144
4.1108
4.0072
3.9036
3.8
3.6964
3.5927
3.489
3.3853
3.2816
3.1779
3.0742
2.9705
2.8668
2.763
2.6593
2.5556
2.4518
2.3481
2.2444
2.1407
2.037
1.9333
1.8296
1.7259
1.6223
1.5186
1.415
1.3114
1.2079
1.1043
1.0008
0.89728
0.79381
0.69037
0.58696
0.48358
0.38024
0.27694
0.17367
0.070449
0.00058264
0.00022098
0.00057548
0.023028
0.10303
0.18303
0.26303
0.34303
0.42303
0.50302
0.58302
0.66302
0.74302
0.82302
0.90302
0.98302
1.063
1.143
1.223
1.303
1.383
1.463
1.543
1.623
1.703
1.783
1.863
1.943
2.023
2.103
2.183
2.263
2.343
2.423
2.5029
2.5829
2.6629
2.7429
2.8229
2.9029
2.9829
3.0629
3.1429
3.2229
3.3029
3.3829
3.4629
3.5429
3.6229
3.7029
3.7828
3.8628
3.9428
4.0228
4.1028
4.1828
4.2628
4.3428
4.3316
4.2293
4.127
4.0246
3.9222
3.8198
3.7174
3.6149
3.5125
3.41
3.3075
3.205
3.1025
3
2.8975
2.795
2.6925
2.5899
2.4874
2.3849
2.2824
2.1799
2.0774
1.9749
1.8724
1.7699
1.6675
1.565
1.4626
1.3602
1.2578
1.1555
1.0531
0.95082
0.84854
0.74628
0.64406
0.54187
0.43971
0.33758
0.2355
0.13345
0.031442
0.00020246
0.00059363
0.021231
0.10123
0.18123
0.26123
0.34123
0.42123
0.50123
0.58123
0.66123
0.74122
0.82122
0.90122
0.98122
1.0612
1.1412
1.2212
1.3012
1.3812
1.4612
1.5412
1.6212
1.7012
1.7812
1.8612
1.9412
2.0212
2.1012
2.1812
2.2612
2.3412
2.4212
2.5012
2.5811
2.6611
2.7411
2.8211
2.9011
2.9811
3.0611
3.1411
3.2211
3.3011
3.3811
3.4611
3.5411
3.6211
3.7011
3.7811
3.861
3.941
4.021
4.101
4.181
4.261
4.341
4.421
4.501
4.581
4.661
4.6504
4.5493
4.4482
4.347
4.2458
4.1446
4.0434
3.9421
3.8409
3.7396
3.6382
3.5369
3.4356
3.3342
3.2328
3.1314
3.03
2.9287
2.8272
2.7258
2.6244
2.523
2.4216
2.3202
2.2188
2.1174
2.0161
1.9147
1.8133
1.712
1.6106
1.5093
1.408
1.3068
1.2055
1.1043
1.003
0.90186
0.8007
0.69958
0.59848
0.58793
0.66793
0.74793
0.82793
0.90793
0.98793
1.0679
1.1479
1.2279
1.3079
1.3879
1.4679
1.5479
1.6279
1.7079
1.7879
1.8679
1.9479
2.0279
2.1079
2.1879
2.2679
2.3479
2.4279
2.5079
2.5879
2.6679
2.7478
2.8278
2.9078
2.9878
3.0678
3.1478
3.2278
3.3078
3.3878
3.4678
3.5478
3.6278
3.7078
3.7878
3.8678
3.9477
4.0277
4.1077
4.1877
4.2677
4.3477
4.4277
4.5077
4.5877
4.6677
4.7477
4.8276
4.9076
4.9876
5.0676
5.1476
5.2276
5.3076
5.3876
5.4676
5.4575
5.3572
5.2569
5.1566
5.0562
4.9558
4.8554
4.7549
4.6544
4.5539
4.4533
4.3527
4.252
4.1514
4.0507
3.95
3.8493
3.7485
3.6477
3.547
3.4462
3.3454
3.2445
3.1437
3.0429
2.942
2.8411
2.7403
2.6394
2.5386
2.4377
2.3369
2.236
2.1352
2.0343
1.9335
1.8327
1.7319
1.7215
1.8015
1.8815
1.9615
2.0415
2.1214
2.2014
2.2814
2.3614
2.4414
2.5214
2.6014
2.6814
2.7614
2.8414
2.9214
3.0014
3.0814
3.1614
3.2414
3.3214
3.4014
3.4814
3.5613
3.6413
3.7213
3.8013
3.8813
3.9613
4.0413
4.1213
4.2013
4.2813
4.3613
4.4413
4.5212
4.6012
4.6812
4.7612
4.8412
4.9212
5.0012
5.0812
5.1612
5.2412
5.3211
5.4011
5.4811
5.5611
5.6411
5.7211
5.8011
5.8811
5.9611
6.041
6.121
6.201
6.281
6.361
6.441
6.521
6.601
6.591
6.491
6.3909
6.2908
6.1906
6.0904
5.9901
5.8898
5.7894
5.689
5.5885
5.4879
5.3874
5.2867
5.1861
5.0853
4.9846
4.8838
4.783
4.6821
4.5812
4.4803
4.3793
4.2784
4.1773
4.0763
3.9752
3.8742
3.7731
3.672
3.5708
3.4697
3.3685
3.2673
3.1661
3.0649
2.9637
2.8625
2.8519
2.9319
3.0119
3.0919
3.1719
3.2519
3.3319
3.4119
3.4919
3.5719
3.6519
3.7319
3.8119
3.8918
3.9718
4.0518
4.1318
4.2118
4.2918
4.3718
4.4518
4.5318
4.6118
4.6918
4.7717
4.8517
4.9317
5.0117
5.0917
5.1717
5.2517
5.3317
5.4117
5.4917
5.5716
5.6516
5.7316
5.8116
5.8916
5.9716
6.0516
6.1316
6.2115
6.2915
6.3715
6.4515
6.5315
6.6115
6.6915
6.7715
6.8514
6.9314
7.0114
7.0914
7.1714
7.2514
7.3314
7.4113
7.4913
7.5713
7.5611
7.4607
7.3601
7.2595
7.1589
7.0581
6.9573
6.8564
6.7554
6.6544
6.5533
6.4522
6.351
6.2497
6.1484
6.047
5.9456
5.8441
5.7425
5.6409
5.5393
5.4376
5.3359
5.2341
5.1323
5.0304
4.9285
4.8266
4.7246
4.6226
4.5206
4.4186
4.3165
4.2144
4.1122
4.0101
3.9079
3.8057
3.7034
3.6012
3.5901
3.6701
3.7501
3.83
3.91
3.99
4.07
4.15
4.23
4.31
4.39
4.47
4.55
4.63
4.71
4.7899
4.8699
4.9499
5.0299
5.1099
5.1899
5.2699
5.3499
5.4299
5.5099
5.5898
5.6698
5.7498
5.8298
5.9098
5.9898
6.0698
6.1498
6.2297
6.3097
6.3897
6.4697
6.5497
6.6297
6.7097
6.7897
6.8696
6.9496
7.0296
7.1096
7.1896
7.2696
7.3496
7.4295
7.5095
7.5895
7.6695
7.7495
7.8295
7.9094
7.9894
7.9787
7.8771
7.7755
7.6738
7.572
7.4702
7.3682
7.2662
7.1641
7.0619
6.9597
6.8574
6.755
6.6526
6.5501
6.4475
6.3449
6.2422
6.1395
6.0367
5.9339
5.831
5.728
5.625
5.522
5.4189
5.3158
5.2126
5.1094
5.0061
4.9028
4.7995
4.6961
4.5927
4.4893
4.3858
4.2824
4.1789
4.0753
3.9718
3.8682
3.7646
3.661
3.5574
3.5456
3.6255
3.7055
3.7855
3.8655
3.9455
4.0255
4.1055
4.1855
4.2655
4.3455
4.4255
4.5055
4.5855
4.6654
4.7454
4.8254
4.9054
4.9854
5.0654
5.1454
5.2254
5.3054
5.3854
5.4653
5.5453
5.6253
5.7053
5.7853
5.8653
5.9453
6.0253
6.1052
6.1852
6.2652
6.3452
6.4252
6.5052
6.5852
6.6652
6.7451
6.8251
6.9051
6.9851
7.0651
7.1451
7.2251
7.305
7.385
7.465
7.545
7.5335
7.4306
7.3275
7.2244
7.1212
7.0179
6.9146
6.8112
6.7078
6.6042
6.5006
6.397
6.2933
6.1895
6.0857
5.9818
5.8779
5.7739
5.6699
5.5658
5.4617
5.3575
5.2533
5.149
5.0447
4.9404
4.836
4.7316
4.6272
4.5228
4.4183
4.3137
4.2092
4.1046
4.0001
3.8954
3.7908
3.6862
3.5815
3.4768
3.3721
3.2674
3.1627
3.058
2.9533
2.8486
2.7439
2.6391
2.5344
2.5221
2.602
2.682
2.762
2.842
2.922
3.002
3.082
3.162
3.242
3.322
3.402
3.482
3.562
3.642
3.722
3.8019
3.8819
3.9619
4.0419
4.1219
4.2019
4.2819
4.3619
4.4419
4.5219
4.6019
4.6819
4.7618
4.8418
4.9218
5.0018
5.0818
5.1618
5.2418
5.3218
5.4018
5.4818
5.5617
5.6417
5.7217
5.8017
5.8817
5.9617
6.0417
6.1217
6.2016
6.2816
6.3616
6.3496
6.2456
6.1415
6.0373
5.9331
5.8288
5.7245
5.6202
5.5158
5.4113
5.3068
5.2023
5.0977
4.9931
4.8885
4.7838
4.6791
4.5743
4.4695
4.3647
4.2599
4.155
4.0502
3.9453
3.8404
3.7354
3.6305
3.5255
3.4205
3.3155
3.2105
3.1055
3.0005
2.8955
2.7905
2.6854
2.5804
2.4754
2.3704
2.2654
2.1603
2.0554
1.9504
1.8454
1.7404
1.6355
1.5306
1.4257
1.3208
1.2159
1.1111
1.0987
1.1787
1.2587
1.3387
1.4187
1.4986
1.5786
1.6586
1.7386
1.8186
1.8986
1.9786
2.0586
2.1386
2.2186
2.2986
2.3786
2.4586
2.5386
2.6186
2.6986
2.7786
2.8586
2.9386
3.0186
3.0986
3.1786
3.2585
3.3385
3.4185
3.4985
3.5785
3.6585
3.7385
3.8185
3.8985
3.9785
4.0585
4.1385
4.2185
4.2984
4.3784
4.4584
4.5384
4.6184
4.6984
4.7784
4.8584
4.9384
4.9263
4.8222
4.7181
4.6139
4.5097
4.4055
4.3012
4.1969
4.0926
3.9883
3.8839
3.7795
3.6751
3.5707
3.4663
3.3619
3.2574
3.153
3.0485
2.9441
2.8396
2.7351
2.6307
2.5262
2.4217
2.3173
2.2128
2.1084
2.0039
1.8995
1.7951
1.6907
1.5863
1.482
1.3776
1.2733
1.169
1.0647
0.96046
0.85624
0.75205
0.64788
0.54375
0.43966
0.3356
0.23158
0.1276
0.023658
0.00011583
0.00067854
0.00012697
0.06743
0.14743
0.22743
0.30743
0.38743
0.46743
0.54743
0.62742
0.70742
0.78742
0.86742
0.94742
1.0274
1.1074
1.1874
1.2674
1.3474
1.4274
1.5074
1.5874
1.6674
1.7474
1.8274
1.9074
1.9874
2.0674
2.1474
2.2274
2.3074
2.3874
2.4674
2.5473
2.6273
2.7073
2.7873
2.8673
2.9473
3.0273
3.1073
3.1873
3.2673
3.3473
3.4273
3.5073
3.5873
3.6673
3.7473
3.8272
3.9072
3.9872
4.0672
4.1472
4.2272
4.2157
4.1126
4.0095
3.9064
3.8033
3.7002
3.597
3.4938
3.3906
3.2874
3.1842
3.081
2.9778
2.8746
2.7713
2.6681
2.5649
2.4616
2.3584
2.2552
2.152
2.0488
1.9456
1.8424
1.7392
1.636
1.5329
1.4298
1.3267
1.2236
1.1205
1.0175
0.91449
0.81151
0.70856
0.60564
0.50276
0.39991
0.29709
0.19432
0.091578
0.00079424
0.000013562
0.00077879
0.000028715
0.00076393
0.000043274
0.075716
0.15572
0.23572
0.31571
0.39571
0.47571
0.55571
0.63571
0.71571
0.79571
0.87571
0.9557
1.0357
1.1157
1.1957
1.2757
1.3557
1.4357
1.5157
1.5957
1.6757
1.7557
1.8357
1.9157
1.9957
2.0757
2.1557
2.2357
2.3156
2.3956
2.4756
2.5556
2.6356
2.7156
2.7956
2.8756
2.9556
3.0356
3.1156
3.1956
3.2756
3.3556
3.4356
3.5156
3.5956
3.6755
3.7555
3.8355
3.9155
3.9955
4.0755
4.1555
4.2355
4.3155
4.3955
4.4755
4.5555
4.6354
4.6246
4.5229
4.4211
4.3193
4.2175
4.1157
4.0138
3.9119
3.81
3.7081
3.6062
3.5042
3.4023
3.3003
3.1983
3.0963
2.9943
2.8923
2.7903
2.6882
2.5862
2.4842
2.3822
2.2802
2.1782
2.0762
1.9742
1.8722
1.7703
1.6683
1.5664
1.4645
1.3626
1.2607
1.1588
1.057
0.95518
0.8534
0.75165
0.64992
0.54823
0.44657
0.43575
0.51575
0.59575
0.67575
0.75575
0.83575
0.91575
0.99574
1.0757
1.1557
1.2357
1.3157
1.3957
1.4757
1.5557
1.6357
1.7157
1.7957
1.8757
1.9557
2.0357
2.1157
2.1957
2.2757
2.3557
2.4357
2.5157
2.5957
2.6757
2.7557
2.8357
2.9156
2.9956
3.0756
3.1556
3.2356
3.3156
3.3956
3.4756
3.5556
3.6356
3.7156
3.7956
3.8756
3.9556
4.0356
4.1155
4.1955
4.2755
4.3555
4.4355
4.5155
4.5955
4.6755
4.7555
4.8355
4.9155
4.9954
5.0754
5.1554
5.145
5.0442
4.9434
4.8425
4.7416
4.6406
4.5396
4.4386
4.3376
4.2365
4.1354
4.0343
3.9331
3.832
3.7308
3.6296
3.5283
3.4271
3.3259
3.2246
3.1233
3.0221
2.9208
2.8195
2.7182
2.6169
2.5156
2.4143
2.313
2.2118
2.1105
2.0092
1.908
1.8067
1.7055
1.6043
1.5031
1.4019
1.3007
1.1996
1.189
1.269
1.349
1.429
1.509
1.589
1.669
1.749
1.829
1.909
1.989
2.069
2.149
2.229
2.309
2.389
2.469
2.5489
2.6289
2.7089
2.7889
2.8689
2.9489
3.0289
3.1089
3.1889
3.2689
3.3489
3.4289
3.5089
3.5889
3.6689
3.7489
3.8288
3.9088
3.9888
4.0688
4.1488
4.2288
4.3088
4.3888
4.4688
4.5488
4.6288
4.7088
4.7887
4.8687
4.9487
5.0287
5.1087
5.1887
5.2687
5.3487
5.4287
5.5087
5.5886
5.6686
5.7486
5.8286
5.9086
5.9886
5.9784
5.8781
5.7777
5.6773
5.5769
5.4763
5.3758
5.2752
5.1745
5.0738
4.9731
4.8724
4.7716
4.6707
4.5698
4.4689
4.368
4.2671
4.1661
4.0651
3.964
3.863
3.7619
3.6608
3.5597
3.4586
3.3575
3.2563
3.1551
3.054
2.9528
2.8516
2.7504
2.6493
2.5481
2.4469
2.3457
2.2445
2.1434
2.1328
2.2128
2.2928
2.3728
2.4528
2.5328
2.6128
2.6927
2.7727
2.8527
2.9327
3.0127
3.0927
3.1727
3.2527
3.3327
3.4127
3.4927
3.5727
3.6527
3.7327
3.8127
3.8926
3.9726
4.0526
4.1326
4.2126
4.2926
4.3726
4.4526
4.5326
4.6126
4.6926
4.7726
4.8525
4.9325
5.0125
5.0925
5.1725
5.2525
5.3325
5.4125
5.4925
5.5724
5.6524
5.7324
5.8124
5.8924
5.9724
6.0524
6.1324
6.2124
6.2923
6.3723
6.4523
6.5323
6.6123
6.6923
6.7723
6.8523
6.8421
6.7417
6.6412
6.5407
6.4401
6.3395
6.2388
6.138
6.0372
5.9363
5.8354
5.7344
5.6334
5.5323
5.4312
5.3301
5.2289
5.1276
5.0263
4.925
4.8236
4.7222
4.6208
4.5193
4.4178
4.3163
4.2148
4.1132
4.0116
3.91
3.8083
3.7067
3.605
3.5033
3.4016
3.2999
3.1982
3.0964
2.9947
2.8929
2.8821
2.962
3.042
3.122
3.202
3.282
3.362
3.442
3.522
3.602
3.682
3.762
3.842
3.922
4.002
4.0819
4.1619
4.2419
4.3219
4.4019
4.4819
4.5619
4.6419
4.7219
4.8019
4.8819
4.9618
5.0418
5.1218
5.2018
5.2818
5.3618
5.4418
5.5218
5.6018
5.6818
5.7617
5.8417
5.9217
6.0017
6.0817
6.1617
6.2417
6.3217
6.4016
6.4816
6.5616
6.6416
6.7216
6.8016
6.8816
6.9615
7.0415
7.1215
7.2015
7.2815
7.3615
7.4415
7.431
7.33
7.2289
7.1277
7.0265
6.9252
6.8238
6.7224
6.6209
6.5193
6.4177
6.316
6.2143
6.1125
6.0106
5.9087
5.8067
5.7047
5.6027
5.5006
5.3984
5.2962
5.194
5.0917
4.9894
4.887
4.7846
4.6822
4.5797
4.4772
4.3747
4.2722
4.1696
4.067
3.9644
3.8617
3.7591
3.6564
3.5537
3.451
3.3483
3.2455
3.2342
3.3142
3.3941
3.4741
3.5541
3.6341
3.7141
3.7941
3.8741
3.9541
4.0341
4.1141
4.1941
4.2741
4.3541
4.434
4.514
4.594
4.674
4.754
4.834
4.914
4.994
5.074
5.154
5.2339
5.3139
5.3939
5.4739
5.5539
5.6339
5.7139
5.7939
5.8739
5.9538
6.0338
6.1138
6.1938
6.2738
6.3538
6.4338
6.5138
6.5937
6.6737
6.7537
6.8337
6.9137
6.9937
7.0737
7.1536
7.2336
7.3136
7.3936
7.4736
7.4626
7.3605
7.2584
7.1562
7.054
6.9517
6.8493
6.7468
6.6443
6.5417
6.439
6.3363
6.2335
6.1307
6.0278
5.9249
5.8219
5.7189
5.6158
5.5126
5.4094
5.3062
5.2029
5.0996
4.9963
4.8929
4.7895
4.686
4.5826
4.479
4.3755
4.2719
4.1683
4.0647
3.9611
3.8574
3.7537
3.65
3.5463
3.4426
3.3388
3.2351
3.1313
3.0276
2.9238
2.82
2.8081
2.8881
2.9681
3.0481
3.1281
3.2081
3.2881
3.3681
3.4481
3.5281
3.6081
3.6881
3.7681
3.848
3.928
4.008
4.088
4.168
4.248
4.328
4.408
4.488
4.568
4.648
4.728
4.8079
4.8879
4.9679
5.0479
5.1279
5.2079
5.2879
5.3679
5.4479
5.5279
5.6078
5.6878
5.7678
5.8478
5.9278
6.0078
6.0878
6.1678
6.2477
6.3277
6.4077
6.4877
6.5677
6.6477
6.7277
6.8077
6.7961
6.693
6.5899
6.4867
6.3834
6.28
6.1767
6.0732
5.9697
5.8661
5.7625
5.6589
5.5552
5.4514
5.3476
5.2438
5.1399
5.036
4.9321
4.8281
4.724
4.62
4.5159
4.4118
4.3076
4.2035
4.0993
3.9951
3.8908
3.7866
3.6823
3.578
3.4737
3.3694
3.2651
3.1608
3.0564
2.9521
2.8477
2.7434
2.639
2.5347
2.4303
2.326
2.2216
2.1173
2.013
1.9087
1.8044
1.7922
1.8722
1.9522
2.0322
2.1122
2.1922
2.2722
2.3522
2.4322
2.5122
2.5922
2.6722
2.7522
2.8322
2.9122
2.9922
3.0721
3.1521
3.2321
3.3121
3.3921
3.4721
3.5521
3.6321
3.7121
3.7921
3.8721
3.9521
4.0321
4.1121
4.192
4.272
4.352
4.432
4.512
4.592
4.672
4.752
4.832
4.912
4.992
5.0719
5.1519
5.2319
5.3119
5.3919
5.4719
5.5519
5.6319
5.7119
5.7001
5.5965
5.4929
5.3892
5.2855
5.1817
5.0779
4.9741
4.8702
4.7663
4.6623
4.5584
4.4544
4.3503
4.2463
4.1422
4.0381
3.934
3.8298
3.7256
3.6215
3.5173
3.4131
3.3088
3.2046
3.1004
2.9961
2.8919
2.7876
2.6834
2.5791
2.4749
2.3706
2.2664
2.1621
2.0579
1.9537
1.8495
1.7453
1.6411
1.537
1.4328
1.3287
1.2246
1.1205
1.0165
0.91247
0.80847
0.70451
0.60057
0.58862
0.66862
0.74861
0.82861
0.90861
0.98861
1.0686
1.1486
1.2286
1.3086
1.3886
1.4686
1.5486
1.6286
1.7086
1.7886
1.8686
1.9486
2.0286
2.1086
2.1886
2.2686
2.3486
2.4285
2.5085
2.5885
2.6685
2.7485
2.8285
2.9085
2.9885
3.0685
3.1485
3.2285
3.3085
3.3885
3.4685
3.5485
3.6285
3.7084
3.7884
3.8684
3.9484
4.0284
4.1084
4.1884
4.2684
4.3484
4.4284
4.5084
4.5884
4.6683
4.6568
4.5536
4.4504
4.3472
4.244
4.1407
4.0374
3.9341
3.8308
3.7274
3.624
3.5207
3.4173
3.3139
3.2104
3.107
3.0036
2.9001
2.7967
2.6933
2.5898
2.4864
2.3829
2.2795
2.1761
2.0727
1.9692
1.8658
1.7625
1.6591
1.5557
1.4524
1.3491
1.2458
1.1425
1.0393
0.93603
0.83284
0.72967
0.62654
0.52344
0.42037
0.31734
0.21434
0.11139
0.0084725
-0.0029743
0.00076263
0.0044996
0.0845
0.1645
0.2445
0.3245
0.4045
0.4845
0.5645
0.64449
0.72449
0.80449
0.88449
0.96449
1.0445
1.1245
1.2045
1.2845
1.3645
1.4445
1.5245
1.6045
1.6845
1.7645
1.8445
1.9245
2.0044
2.0844
2.1644
2.2444
2.3244
2.4044
2.4844
2.5644
2.6444
2.7244
2.8044
2.8844
2.9644
3.0444
3.1244
3.2044
3.2844
3.3644
3.4444
3.5243
3.6043
3.6843
3.7643
3.8443
3.9243
4.0043
4.0843
4.1643
4.2443
4.3243
4.4043
4.3932
4.2912
4.1892
4.0871
3.985
3.8828
3.7807
3.6785
3.5764
3.4742
3.372
3.2697
3.1675
3.0653
2.963
2.8608
2.7585
2.6563
2.554
2.4518
2.3495
2.2473
2.145
2.0428
1.9406
1.8384
1.7362
1.634
1.5318
1.4297
1.3276
1.2255
1.1234
1.0213
0.91927
0.81727
0.71529
0.61334
0.51143
0.40955
0.3077
0.2059
0.10413
0.0023989
-0.008455
0.071545
0.15154
0.23154
0.31154
0.39154
0.47154
0.55154
0.63154
0.71154
0.79154
0.87154
0.95153
1.0315
1.1115
1.1915
1.2715
1.3515
1.4315
1.5115
1.5915
1.6715
1.7515
1.8315
1.9115
1.9915
2.0715
2.1515
2.2315
2.3115
2.3915
2.4715
2.5515
2.6315
2.7115
2.7914
2.8714
2.9514
3.0314
3.1114
3.1914
3.2714
3.3514
3.4314
3.5114
3.5914
3.6714
3.7514
3.8314
3.9114
3.9913
4.0713
4.1513
4.2313
4.3113
4.3913
4.4713
4.5513
4.6313
4.7113
4.7008
4.6
4.4991
4.3982
4.2972
4.1962
4.0952
3.9942
3.8931
3.7921
3.691
3.5899
3.4888
3.3876
3.2865
3.1853
3.0841
2.983
2.8818
2.7806
2.6794
2.5782
2.477
2.3759
2.2747
2.1735
2.0723
1.9712
1.87
1.7689
1.6678
1.5666
1.4656
1.3645
1.2634
1.1624
1.0614
0.9604
0.85944
0.75851
0.74805
0.82805
0.90805
0.98805
1.068
1.148
1.228
1.308
1.388
1.468
1.548
1.628
1.708
1.788
1.868
1.948
2.028
2.108
2.188
2.268
2.348
2.428
2.508
2.588
2.668
2.748
2.828
2.908
2.9879
3.0679
3.1479
3.2279
3.3079
3.3879
3.4679
3.5479
3.6279
3.7079
3.7879
3.8679
3.9479
4.0279
4.1078
4.1878
4.2678
4.3478
4.4278
4.5078
4.5878
4.6678
4.7478
4.8278
4.9078
4.9877
5.0677
5.1477
5.2277
5.3077
5.3877
5.4677
5.5477
5.6277
5.6176
5.5176
5.4174
5.3173
5.217
5.1168
5.0165
4.9162
4.8158
4.7154
4.6149
4.5145
4.414
4.3134
4.2129
4.1123
4.0117
3.9111
3.8104
3.7097
3.609
3.5083
3.4076
3.3069
3.2062
3.1054
3.0046
2.9039
2.8031
2.7023
2.6016
2.5008
2.4
2.2992
2.1985
2.0977
1.997
1.8962
1.8859
1.9659
2.0458
2.1258
2.2058
2.2858
2.3658
2.4458
2.5258
2.6058
2.6858
2.7658
2.8458
2.9258
3.0058
3.0858
3.1658
3.2458
3.3258
3.4058
3.4857
3.5657
3.6457
3.7257
3.8057
3.8857
3.9657
4.0457
4.1257
4.2057
4.2857
4.3657
4.4457
4.5256
4.6056
4.6856
4.7656
4.8456
4.9256
5.0056
5.0856
5.1656
5.2456
5.3255
5.4055
5.4855
5.5655
5.6455
5.7255
5.8055
5.8855
5.9655
6.0454
6.1254
6.2054
6.2854
6.3654
6.4454
6.5254
6.6054
6.6853
6.7653
6.7554
6.6554
6.5554
6.4554
6.3553
6.2551
6.1548
6.0546
5.9542
5.8538
5.7533
5.6528
5.5523
5.4517
5.351
5.2503
5.1496
5.0488
4.948
4.8472
4.7463
4.6454
4.5444
4.4434
4.3424
4.2414
4.1403
4.0392
3.9381
3.837
3.7358
3.6347
3.5335
3.4323
3.331
3.2298
3.1286
3.0273
3.0167