2.2128
2.2928
2.3728
2.4528
2.5328
2.6128
2.6927
2.7727
2.8527
2.9327
3.0127
3.0927
3.1727
3.2527
3.3327
3.4127
3.4927
3.5727
3.6527
3.7327
3.8127
3.8926
3.9726
4.0526
4.1326
4.2126
4.2926
4.3726
4.4526
4.5326
4.6126
4.6926
4.7726
4.8525
4.9325
5.0125
5.0925
5.1725
5.2525
5.3325
5.4125
5.4925
5.5724
5.6524
5.7324
5.8124
5.8924
5.9724
6.0524
6.1324
6.2124
6.2923
6.3723
6.4523
6.5323
6.6123
6.6923
6.7723
6.8523
6.8421
6.7417
6.6412
6.5407
6.4401
6.3395
6.2388
6.138
6.0372
5.9363
5.8354
5.7344
5.6334
5.5323
5.4312
5.3301
5.2289
5.1276
5.0263
4.925
4.8236
4.7222
4.6208
4.5193
4.4178
4.3163
4.2148
4.1132
4.0116
3.91
3.8083
3.7067
3.605
3.5033
3.4016
3.2999
3.1982
3.0964
2.9947
2.8929
2.8821
2.962
3.042
3.122
3.202
3.282
3.362
3.442
3.522
3.602
3.682
3.762
3.842
3.922
4.002
4.0819
4.1619
4.2419
4.3219
4.4019
4.4819
4.5619
4.6419
4.7219
4.8019
4.8819
4.9618
5.0418
5.1218
5.2018
5.2818
5.3618
5.4418
5.5218
5.6018
5.6818
5.7617
5.8417
5.9217
6.0017
6.0817
6.1617
6.2417
6.3217
6.4016
6.4816
6.5616
6.6416
6.7216
6.8016
6.8816
6.9615
7.0415
7.1215
7.2015
7.2815
7.3615
7.4415
7.431
7.33
7.2289
7.1277
7.0265
6.9252
6.8238
6.7224
6.6209
6.5193
6.4177
6.316
6.2143
6.1125
6.0106
5.9087
5.8067
5.7047
5.6027
5.5006
5.3984
5.2962
5.194
5.0917
4.9894
4.887
4.7846
4.6822
4.5797
4.4772
4.3747
4.2722
4.1696
4.067
3.9644
3.8617
3.7591
3.6564
3.5537
3.451
3.3483
3.2455
3.2342
3.3142
3.3941
3.4741
3.5541
3.6341
3.7141
3.7941
3.8741
3.9541
4.0341
4.1141
4.1941
4.2741
4.3541
4.434
4.514
4.594
4.674
4.754
4.834
4.914
4.994
5.074
5.154
5.2339
5.3139
5.3939
5.4739
5.5539
5.6339
5.7139
5.7939
5.8739
5.9538
6.0338
6.1138
6.1938
6.2738
6.3538
6.4338
6.5138
6.5937
6.6737
6.7537
6.8337
6.9137
6.9937
7.0737
7.1536
7.2336
7.3136
7.3936
7.4736
7.4626
7.3605
7.2584
7.1562
7.054
6.9517
6.8493
6.7468
6.6443
6.5417
6.439
6.3363
6.2335
6.1307
6.0278
5.9249
5.8219
5.7189
5.6158
5.5126
5.4094
5.3062
5.2029
5.0996
4.9963
4.8929
4.7895
4.686
4.5826
4.479
4.3755
4.2719
4.1683
4.0647
3.9611
3.8574
3.7537
3.65
3.5463
3.4426
3.3388
3.2351
3.1313
3.0276
2.9238
2.82
2.8081
2.8881
2.9681
3.0481
3.1281
3.2081
3.2881
3.3681
3.4481
3.5281
3.6081
3.6881
3.7681
3.848
3.928
4.008
4.088
4.168
4.248
4.328
4.408
4.488
4.568
4.648
4.728
4.8079
4.8879
4.9679
5.0479
5.1279
5.2079
5.2879
5.3679
5.4479
5.5279
5.6078
5.6878
5.7678
5.8478
5.9278
6.0078
6.0878
6.1678
6.2477
6.3277
6.4077
6.4877
6.5677
6.6477
6.7277
6.8077
6.7961
6.693
6.5899
6.4867
6.3834
6.28
6.1767
6.0732
5.9697
5.8661
5.7625
5.6589
5.5552
5.4514
5.3476
5.2438
5.1399
5.036
4.9321
4.8281
4.724
4.62
4.5159
4.4118
4.3076
4.2035
4.0993
3.9951
3.8908
3.7866
3.6823
3.578
3.4737
3.3694
3.2651
3.1608
3.0564
2.9521
2.8477
2.7434
2.639
2.5347
2.4303
2.326
2.2216
2.1173
2.013
1.9087
1.8044
1.7922
1.8722
1.9522
2.0322
2.1122
2.1922
2.2722
2.3522
2.4322
2.5122
2.5922
2.6722
2.7522
2.8322
2.9122
2.9922
3.0721
3.1521
3.2321
3.3121
3.3921
3.4721
3.5521
3.6321
3.7121
3.7921
3.8721
3.9521
4.0321
4.1121
4.192
4.272
4.352
4.432
4.512
4.592
4.672
4.752
4.832
4.912
4.992
5.0719
5.1519
5.2319
5.3119
5.3919
5.4719
5.5519
5.6319
5.7119
5.7001
5.5965
5.4929
5.3892
5.2855
5.1817
5.0779
4.9741
4.8702
4.7663
4.6623
4.5584
4.4544
4.3503
4.2463
4.1422
4.0381
3.934
3.8298
3.7256
3.6215
3.5173
3.4131
3.3088
3.2046
3.1004
2.9961
2.8919
2.7876
2.6834
2.5791
2.4749
2.3706
2.2664
2.1621
2.0579
1.9537
1.8495
1.7453
1.6411
1.537
1.4328
1.3287
1.2246
1.1205
1.0165
0.91247
0.80847
0.70451
0.60057
0.58862
0.66862
0.74861
0.82861
0.90861
0.98861
1.0686
1.1486
1.2286
1.3086
1.3886
1.4686
1.5486
1.6286
1.7086
1.7886
1.8686
1.9486
2.0286
2.1086
2.1886
2.2686
2.3486
2.4285
2.5085
2.5885
2.6685
2.7485
2.8285
2.9085
2.9885
3.0685
3.1485
3.2285
3.3085
3.3885
3.4685
3.5485
3.6285
3.7084
3.7884
3.8684
3.9484
4.0284
4.1084
4.1884
4.2684
4.3484
4.4284
4.5084
4.5884
4.6683
4.6568
4.5536
4.4504
4.3472
4.244
4.1407
4.0374
3.9341
3.8308
3.7274
3.624
3.5207
3.4173
3.3139
3.2104
3.107
3.0036
2.9001
2.7967
2.6933
2.5898
2.4864
2.3829
2.2795
2.1761
2.0727
1.9692
1.8658
1.7625
1.6591
1.5557
1.4524
1.3491
1.2458
1.1425
1.0393
0.93603
0.83284
0.72967
0.62654
0.52344
0.42037
0.31734
0.21434
0.11139
0.0084725
-0.0029743
0.00076263
0.0044996
0.0845
0.1645
0.2445
0.3245
0.4045
0.4845
0.5645
0.64449
0.72449
0.80449
0.88449
0.96449
1.0445
1.1245
1.2045
1.2845
1.3645
1.4445
1.5245
1.6045
1.6845
1.7645
1.8445
1.9245
2.0044
2.0844
2.1644
2.2444
2.3244
2.4044
2.4844
2.5644
2.6444
2.7244
2.8044
2.8844
2.9644
3.0444
3.1244
3.2044
3.2844
3.3644
3.4444
3.5243
3.6043
3.6843
3.7643
3.8443
3.9243
4.0043
4.0843
4.1643
4.2443
4.3243
4.4043
4.3932
4.2912
4.1892
4.0871
3.985
3.8828
3.7807
3.6785
3.5764
3.4742
3.372
3.2697
3.1675
3.0653
2.963
2.8608
2.7585
2.6563
2.554
2.4518
2.3495
2.2473
2.145
2.0428
1.9406
1.8384
1.7362
1.634
1.5318
1.4297
1.3276
1.2255
1.1234
1.0213
0.91927
0.81727
0.71529
0.61334
0.51143
0.40955
0.3077
0.2059
0.10413
0.0023989
-0.008455
0.071545
0.15154
0.23154
0.31154
0.39154
0.47154
0.55154
0.63154
0.71154
0.79154
0.87154
0.95153
1.0315
1.1115
1.1915
1.2715
1.3515
1.4315
1.5115
1.5915
1.6715
1.7515
1.8315
1.9115
1.9915
2.0715
2.1515
2.2315
2.3115
2.3915
2.4715
2.5515
2.6315
2.7115
2.7914
2.8714
2.9514
3.0314
3.1114
3.1914
3.2714
3.3514
3.4314
3.5114
3.5914
3.6714
3.7514
3.8314
3.9114
3.9913
4.0713
4.1513
4.2313
4.3113
4.3913
4.4713
4.5513
4.6313
4.7113
4.7008
4.6
4.4991
4.3982
4.2972
4.1962
4.0952
3.9942
3.8931
3.7921
3.691
3.5899
3.4888
3.3876
3.2865
3.1853
3.0841
2.983
2.8818
2.7806
2.6794
2.5782
2.477
2.3759
2.2747
2.1735
2.0723
1.9712
1.87
1.7689
1.6678
1.5666
1.4656
1.3645
1.2634
1.1624
1.0614
0.9604
0.85944
0.75851
0.74805
0.82805
0.90805
0.98805
1.068
1.148
1.228
1.308
1.388
1.468
1.548
1.628
1.708
1.788
1.868
1.948
2.028
2.108
2.188
2.268
2.348
2.428
2.508
2.588
2.668
2.748
2.828
2.908
2.9879
3.0679
3.1479
3.2279
3.3079
3.3879
3.4679
3.5479
3.6279
3.7079
3.7879
3.8679
3.9479
4.0279
4.1078
4.1878
4.2678
4.3478
4.4278
4.5078
4.5878
4.6678
4.7478
4.8278
4.9078
4.9877
5.0677
5.1477
5.2277
5.3077
5.3877
5.4677
5.5477
5.6277
5.6176
5.5176
5.4174
5.3173
5.217
5.1168
5.0165
4.9162
4.8158
4.7154
4.6149
4.5145
4.414
4.3134
4.2129
4.1123
4.0117
3.9111
3.8104
3.7097
3.609
3.5083
3.4076
3.3069
3.2062
3.1054
3.0046
2.9039
2.8031
2.7023
2.6016
2.5008
2.4
2.2992
2.1985
2.0977
1.997
1.8962
1.8859
1.9659
2.0458
2.1258
2.2058
2.2858
2.3658
2.4458
2.5258
2.6058
2.6858
2.7658
2.8458
2.9258
3.0058
3.0858
3.1658
3.2458
3.3258
3.4058
3.4857
3.5657
3.6457
3.7257
3.8057
3.8857
3.9657
4.0457
4.1257
4.2057
4.2857
4.3657
4.4457
4.5256
4.6056
4.6856
4.7656
4.8456
4.9256
5.0056
5.0856
5.1656
5.2456
5.3255
5.4055
5.4855
5.5655
5.6455
5.7255
5.8055
5.8855
5.9655
6.0454
6.1254
6.2054
6.2854
6.3654
6.4454
6.5254
6.6054
6.6853
6.7653
6.7554
6.6554
6.5554
6.4554
6.3553
6.2551
6.1548
6.0546
5.9542
5.8538
5.7533
5.6528
5.5523
5.4517
5.351
5.2503
5.1496
5.0488
4.948
4.8472
4.7463
4.6454
4.5444
4.4434
4.3424
4.2414
4.1403
4.0392
3.9381
3.837
3.7358
3.6347
3.5335
3.4323
3.331
3.2298
3.1286
3.0273
3.0167