49.603
49.59
49.577
49.564
49.551
49.537
49.524
49.511
49.498
49.485
49.472
49.458
49.445
49.432
49.419
49.406
49.393
49.379
49.366
49.353
49.34
49.327
49.314
49.301
49.288
49.275
49.261
49.248
49.235
49.222
49.209
49.196
49.183
49.17
49.157
49.144
49.131
49.117
49.104
49.091
49.078
49.065
49.052
49.039
49.026
49.013
49
48.987
48.974
48.961
48.948
48.935
48.922
48.909
48.896
48.883
48.87
48.857
48.844
49.37
49.403
49.436
49.468
49.499
49.529
49.559
49.588
49.615
49.642
49.669
49.694
49.719
49.742
49.765
49.787
49.809
49.829
49.849
49.868
49.886
49.903
49.919
49.935
49.95
49.964
49.977
49.989
50.001
50.011
50.021
50.03
50.039
50.046
50.053
50.058
50.063
50.068
50.071
50.074
49.855
49.842
49.829
49.816
49.802
49.789
49.776
49.763
49.749
49.736
49.723
49.71
49.697
49.683
49.67
49.657
49.644
49.631
49.617
49.604
49.591
49.578
49.565
49.551
49.538
49.525
49.512
49.499
49.486
49.472
49.459
49.446
49.433
49.42
49.407
49.393
49.38
49.367
49.354
49.341
49.328
49.315
49.302
49.288
49.275
49.262
49.249
49.236
49.223
49.21
49.197
49.184
49.171
49.158
49.144
49.131
49.118
49.105
49.678
49.716
49.753
49.79
49.825
49.86
49.894
49.927
49.96
49.991
50.022
50.052
50.081
50.109
50.136
50.163
50.189
50.214
50.238
50.261
50.283
50.305
50.326
50.346
50.365
50.383
50.401
50.418
50.434
50.449
50.463
50.476
50.489
50.501
50.511
50.522
50.531
50.539
50.547
50.554
50.56
50.565
50.322
50.308
50.295
50.282
50.268
50.255
50.241
50.228
50.215
50.201
50.188
50.175
50.161
50.148
50.135
50.121
50.108
50.095
50.081
50.068
50.055
50.041
50.028
50.015
50.001
49.988
49.975
49.962
49.948
49.935
49.922
49.908
49.895
49.882
49.869
49.855
49.842
49.829
49.816
49.802
49.789
49.776
49.763
49.749
49.736
49.723
49.71
49.696
49.683
49.67
49.657
49.644
49.63
49.617
50.192
50.23
50.267
50.304
50.34
50.374
50.408
50.442
50.474
50.505
50.536
50.566
50.595
50.623
50.65
50.677
50.703
50.727
50.751
50.775
50.797
50.818
50.839
50.859
50.878
50.896
50.913
50.93
50.946
50.961
50.975
50.988
51
51.012
51.022
51.032
51.041
51.049
51.057
51.063
51.069
51.074
51.078
51.081
51.084
51.085
50.872
50.858
50.845
50.831
50.818
50.804
50.791
50.777
50.764
50.75
50.737
50.723
50.71
50.696
50.683
50.669
50.656
50.642
50.629
50.615
50.602
50.588
50.575
50.562
50.548
50.535
50.521
50.508
50.494
50.481
50.468
50.454
50.441
50.427
50.414
50.4
50.387
50.374
50.36
50.347
50.333
50.32
50.307
50.293
50.28
50.267
50.253
50.24
50.226
50.213
50.2
50.722
50.754
50.786
50.817
50.847
50.876
50.905
50.932
50.959
50.985
51.01
51.034
51.058
51.08
51.102
51.123
51.143
51.162
51.181
51.198
51.215
51.231
51.246
51.26
51.273
51.286
51.298
51.308
51.318
51.328
51.336
51.343
51.35
51.356
51.361
51.365
51.368
51.371
51.373
51.373
51.373
51.373
51.371
51.368
51.365
51.361
51.356
51.35
51.343
51.202
51.188
51.175
51.161
51.148
51.134
51.12
51.107
51.093
51.08
51.066
51.052
51.039
51.025
51.012
50.998
50.985
50.971
50.958
50.944
50.93
50.917
50.903
50.89
50.876
50.863
50.849
50.836
50.822
50.809
50.795
50.782
50.768
50.755
50.741
50.728
50.714
50.701
50.687
50.674
50.66
50.647
50.633
50.62
50.606
50.593
50.579
50.566
50.552
50.539
50.975
50.998
51.021
51.043
51.065
51.085
51.105
51.123
51.141
51.158
51.175
51.19
51.204
51.218
51.231
51.243
51.254
51.265
51.274
51.283
51.291
51.298
51.304
51.309
51.314
51.318
51.321
51.323
51.324
51.324
51.324
51.322
51.32
51.317
51.314
51.309
51.303
51.297
51.29
51.282
51.273
51.264
51.253
51.242
51.23
51.217
51.204
51.189
51.174
51.157
51.101
51.088
51.074
51.061
51.047
51.033
51.02
51.006
50.993
50.979
50.966
50.952
50.938
50.925
50.911
50.898
50.884
50.871
50.857
50.844
50.83
50.817
50.803
50.79
50.776
50.763
50.749
50.736
50.722
50.709
50.695
50.682
50.668
50.655
50.641
50.628
50.614
50.601
50.587
50.574
50.561
50.547
50.534
50.52
50.507
50.493
50.48
50.466
50.453
50.44
50.426
50.413
50.766
50.782
50.796
50.81
50.823
50.836
50.847
50.857
50.867
50.876
50.884
50.891
50.898
50.903
50.908
50.912
50.915
50.917
50.919
50.919
50.919
50.918
50.916
50.914
50.91
50.906
50.901
50.895
50.888
50.88
50.872
50.862
50.852
50.841
50.83
50.817
50.804
50.79
50.775
50.759
50.742
50.725
50.707
50.687
50.668
50.647
50.633
50.619
50.606
50.592
50.579
50.566
50.552
50.539
50.525
50.512
50.498
50.485
50.471
50.458
50.445
50.431
50.418
50.404
50.391
50.378
50.364
50.351
50.337
50.324
50.311
50.297
50.284
50.27
50.257
50.244
50.23
50.217
50.204
50.19
50.177
50.164
50.15
50.137
50.124
50.11
50.097
50.084
50.07
50.057
50.044
50.03
50.017
50.004
49.99
49.977
49.964
49.951
49.937
49.924
49.911
49.897
49.884
49.871
50.204
50.217
50.23
50.242
50.253
50.264
50.273
50.282
50.29
50.297
50.303
50.309
50.314
50.317
50.32
50.323
50.324
50.325
50.324
50.323
50.321
50.319
50.315
50.311
50.306
50.3
50.293
50.285
50.277
50.268
50.258
50.247
50.235
50.223
50.21
50.195
50.181
50.165
50.148
50.131
50.113
50.094
50.074
50.054
50.04
50.027
50.014
50.001
49.987
49.974
49.961
49.947
49.934
49.921
49.908
49.894
49.881
49.868
49.854
49.841
49.828
49.815
49.801
49.788
49.775
49.762
49.749
49.735
49.722
49.709
49.696
49.682
49.669
49.656
49.643
49.63
49.616
49.603
49.59
49.577
49.564
49.55
49.537
49.524
49.511
49.498
49.485
49.471
49.458
49.445
49.432
49.419
49.406
49.392
49.379
49.366
49.353
49.34
49.327
49.314
49.301
49.287
49.274
49.261
49.618
49.635
49.65
49.665
49.679
49.692
49.704
49.716
49.727
49.737
49.746
49.754
49.761
49.768
49.774
49.779
49.783
49.786
49.789
49.791
49.792
49.792
49.791
49.79
49.787
49.784
49.78
49.776
49.77
49.764
49.757
49.749
49.74
49.731
49.72
49.709
49.697
49.685
49.671
49.657
49.59
49.577
49.564
49.55
49.537
49.524
49.511
49.498
49.485
49.471
49.458
49.445
49.432
49.419
49.406
49.393
49.379
49.366
49.353
49.34
49.327
49.314
49.301
49.288
49.274
49.261
49.248
49.235
49.222
49.209
49.196
49.183
49.17
49.157
49.144
49.13
49.117
49.104
49.091
49.078
49.065
49.052
49.039
49.026
49.013
49
48.987
48.974
48.961
48.948
48.935
48.922
48.909
48.896
48.883
48.87
48.857
48.844
48.831
48.818
48.805
48.792
49.221
49.245
49.268
49.291
49.312
49.333
49.352
49.371
49.39
49.407
49.423
49.439
49.454
49.468
49.482
49.494
49.506
49.517
49.527
49.536
49.545
49.552
49.559
49.565
49.571
49.575
49.579
49.581
49.583
49.585
49.585
49.585
49.584
49.582
49.579
49.575
49.571
49.566
49.418
49.405
49.392
49.379
49.366
49.353
49.339
49.326
49.313
49.3
49.287
49.274
49.261
49.248
49.235
49.221
49.208
49.195
49.182
49.169
49.156
49.143
49.13
49.117
49.104
49.091
49.078
49.065
49.052
49.038
49.025
49.012
48.999
48.986
48.973
48.96
48.947
48.934
48.921
48.908
48.895
48.882
48.869
48.856
48.843
48.83
48.817
48.804
48.791
48.778
48.765
48.752
48.739
48.726
48.713
48.7
48.688
48.675
48.662
48.649
48.636
48.623
49.142
49.175
49.207
49.239
49.269
49.299
49.328
49.356
49.383
49.409
49.435
49.46
49.484
49.507
49.53
49.551
49.572
49.592
49.611
49.629
49.647
49.664
49.679
49.695
49.709
49.722
49.735
49.747
49.758
49.768
49.777
49.786
49.794
49.801
49.807
49.812
49.817
49.82
49.593