51.249
51.235
51.221
51.208
51.194
51.181
51.167
51.153
51.14
51.126
51.113
51.099
51.085
51.072
51.058
51.045
51.031
51.018
51.004
50.99
50.977
50.963
50.95
50.936
50.923
50.909
50.896
50.882
50.868
50.855
50.841
50.828
50.814
50.801
50.787
50.774
50.76
50.747
50.733
50.72
50.706
50.693
50.679
50.666
50.652
50.639
50.625
50.612
50.599
51.047
51.072
51.097
51.12
51.142
51.164
51.185
51.205
51.224
51.243
51.26
51.277
51.293
51.308
51.322
51.335
51.348
51.359
51.37
51.38
51.389
51.397
51.405
51.412
51.417
51.422
51.426
51.43
51.432
51.434
51.435
51.435
51.434
51.432
51.429
51.426
51.422
51.417
51.411
51.404
51.397
51.388
51.379
51.369
51.358
51.346
51.334
51.321
51.306
51.291
51.224
51.211
51.197
51.183
51.17
51.156
51.143
51.129
51.115
51.102
51.088
51.075
51.061
51.047
51.034
51.02
51.007
50.993
50.98
50.966
50.952
50.939
50.925
50.912
50.898
50.885
50.871
50.858
50.844
50.831
50.817
50.804
50.79
50.777
50.763
50.75
50.736
50.723
50.709
50.696
50.682
50.669
50.655
50.642
50.628
50.615
50.601
50.588
50.574
50.561
50.547
50.907
50.923
50.938
50.953
50.966
50.979
50.991
51.002
51.012
51.022
51.03
51.038
51.045
51.051
51.056
51.061
51.064
51.067
51.069
51.07
51.07
51.07
51.068
51.066
51.063
51.059
51.055
51.049
51.043
51.036
51.028
51.019
51.009
50.999
50.988
50.976
50.963
50.949
50.934
50.919
50.903
50.886
50.868
50.849
50.83
50.81
50.791
50.778
50.764
50.751
50.737
50.724
50.71
50.697
50.683
50.67
50.656
50.643
50.629
50.616
50.602
50.589
50.576
50.562
50.549
50.535
50.522
50.508
50.495
50.481
50.468
50.455
50.441
50.428
50.414
50.401
50.388
50.374
50.361
50.347
50.334
50.321
50.307
50.294
50.28
50.267
50.254
50.24
50.227
50.214
50.2
50.187
50.174
50.16
50.147
50.134
50.12
50.107
50.094
50.08
50.067
50.054
50.04
50.027
50.355
50.368
50.38
50.392
50.402
50.412
50.421
50.429
50.437
50.443
50.449
50.454
50.458
50.461
50.463
50.465
50.466
50.466
50.465
50.463
50.461
50.457
50.453
50.448
50.443
50.436
50.429
50.42
50.411
50.402
50.391
50.38
50.367
50.354
50.34
50.326
50.31
50.294
50.277
50.259
50.24
50.22
50.2
50.185
50.171
50.158
50.145
50.131
50.118
50.105
50.091
50.078
50.065
50.051
50.038
50.025
50.011
49.998
49.985
49.972
49.958
49.945
49.932
49.918
49.905
49.892
49.879
49.865
49.852
49.839
49.826
49.812
49.799
49.786
49.773
49.759
49.746
49.733
49.72
49.706
49.693
49.68
49.667
49.654
49.64
49.627
49.614
49.601
49.588
49.574
49.561
49.548
49.535
49.522
49.509
49.495
49.482
49.469
49.456
49.443
49.43
49.416
49.403
49.39
49.743
49.759
49.774
49.788
49.802
49.815
49.826
49.837
49.848
49.857
49.866
49.873
49.88
49.886
49.892
49.896
49.9
49.903
49.905
49.906
49.907
49.906
49.905
49.903
49.9
49.897
49.892
49.887
49.881
49.875
49.867
49.858
49.849
49.839
49.828
49.817
49.804
49.791
49.777
49.762
49.747
49.691
49.678
49.665
49.652
49.638
49.625
49.612
49.599
49.586
49.572
49.559
49.546
49.533
49.52
49.506
49.493
49.48
49.467
49.454
49.441
49.427
49.414
49.401
49.388
49.375
49.362
49.349
49.336
49.322
49.309
49.296
49.283
49.27
49.257
49.244
49.231
49.218
49.204
49.191
49.178
49.165
49.152
49.139
49.126
49.113
49.1
49.087
49.074
49.061
49.048
49.035
49.022
49.009
48.996
48.982
48.969
48.956
48.943
48.93
48.917
48.904
48.891
49.308
49.331
49.352
49.373
49.393
49.413
49.431
49.449
49.466
49.482
49.497
49.511
49.525
49.538
49.55
49.561
49.571
49.581
49.59
49.597
49.605
49.611
49.617
49.621
49.625
49.628
49.631
49.632
49.633
49.633
49.632
49.63
49.627
49.624
49.62
49.615
49.609
49.603
49.467
49.454
49.441
49.428
49.415
49.401
49.388
49.375
49.362
49.349
49.336
49.323
49.31
49.296
49.283
49.27
49.257
49.244
49.231
49.218
49.205
49.192
49.179
49.165
49.152
49.139
49.126
49.113
49.1
49.087
49.074
49.061
49.048
49.035
49.022
49.009
48.996
48.983
48.97
48.957
48.944
48.931
48.918
48.905
48.892
48.879
48.866
48.853
48.84
48.827
48.814
48.801
48.788
48.775
48.762
48.749
48.736
48.723
48.71
48.697
48.684
48.671
49.177
49.209
49.24
49.27
49.299
49.327
49.355
49.381
49.407
49.432
49.457
49.48
49.503
49.525
49.546
49.566
49.585
49.604
49.622
49.639
49.655
49.67
49.685
49.699
49.712
49.724
49.735
49.746
49.755
49.764
49.772
49.779
49.786
49.792
49.796
49.8
49.804
49.806
49.59
49.577
49.564
49.551
49.538
49.524
49.511
49.498
49.485
49.472
49.459
49.445
49.432
49.419
49.406
49.393
49.38
49.367
49.353
49.34
49.327
49.314
49.301
49.288
49.275
49.262
49.248
49.235
49.222
49.209
49.196
49.183
49.17
49.157
49.144
49.131
49.118
49.105
49.092
49.078
49.065
49.052
49.039
49.026
49.013
49
48.987
48.974
48.961
48.948
48.935
48.922
48.909
48.896
48.883
48.87
48.857
48.844
48.831
48.818
49.401
49.44
49.478
49.516
49.553
49.589
49.624
49.658
49.692
49.724
49.756
49.787
49.817
49.847
49.876
49.903
49.93
49.956
49.982
50.006
50.03
50.053
50.075
50.096
50.116
50.136
50.155
50.173
50.19
50.206
50.221
50.236
50.25
50.263
50.275
50.286
50.297
50.307
50.316
50.324
50.056
50.042
50.029
50.016
50.002
49.989
49.976
49.962
49.949
49.936
49.923
49.909
49.896
49.883
49.869
49.856
49.843
49.83
49.816
49.803
49.79
49.777
49.763
49.75
49.737
49.724
49.711
49.697
49.684
49.671
49.658
49.644
49.631
49.618
49.605
49.592
49.578
49.565
49.552
49.539
49.526
49.513
49.499
49.486
49.473
49.46
49.447
49.434
49.42
49.407
49.394
49.381
49.368
49.355
49.342
49.329
49.944
49.986
50.028
50.068
50.108
50.147
50.185
50.223
50.259
50.295
50.33
50.364
50.397
50.43
50.461
50.492
50.522
50.551
50.579
50.607
50.633
50.659
50.684
50.708
50.731
50.753
50.775
50.796
50.816
50.835
50.853
50.87
50.887
50.903
50.918
50.932
50.945
50.958
50.969
50.98
50.99
50.999
51.007
51.015
50.75
50.736
50.723
50.709
50.696
50.682
50.669
50.655
50.642
50.628
50.615
50.601
50.588
50.574
50.561
50.547
50.534
50.521
50.507
50.494
50.48
50.467
50.453
50.44
50.427
50.413
50.4
50.386
50.373
50.36
50.346
50.333
50.319
50.306
50.293
50.279
50.266
50.252
50.239
50.226
50.212
50.199
50.186
50.172
50.159
50.146
50.132
50.119
50.106
50.092
50.079
50.659
50.697
50.735
50.772
50.808
50.843
50.877
50.911
50.943
50.975
51.006
51.036
51.066
51.094
51.122
51.148
51.174
51.199
51.223
51.247
51.269
51.291
51.312
51.332
51.351
51.369
51.387
51.404
51.419
51.434
51.449
51.462
51.474
51.486
51.497
51.507
51.516
51.524
51.532
51.538
51.544
51.549
51.553
51.556
51.558
51.56
51.561
51.561
51.56
51.367
51.353
51.34
51.326
51.312
51.299
51.285
51.271
51.258
51.244
51.23
51.217
51.203
51.19
51.176
51.162
51.149
51.135
51.121
51.108
51.094
51.081
51.067
51.054
51.04
51.026
51.013
50.999
50.986
50.972
50.959
50.945
50.931
50.918
50.904
50.891
50.877
50.864
50.85
50.837
50.823
50.81
50.796
50.783
50.769
50.756
50.742
50.729
50.715
51.202
51.23
51.258
51.286
51.312
51.337
51.362
51.386
51.409
51.431
51.452
51.472
51.492
51.511
51.528
51.545
51.562
51.577
51.591
51.605
51.618
51.63
51.641
51.651
51.661
51.669
51.677
51.684
51.69
51.695
51.7
51.703
51.706
51.708
51.709
51.709
51.708
51.707
51.705
51.702
51.698
51.693
51.687
51.681
51.673
51.665
51.656
51.646
51.636
51.624
51.612
51.52
51.506
51.492
51.479
51.465
51.451
51.438
51.424
51.41
51.397
51.383
51.369
51.356
51.342
51.328
51.315
51.301
51.287
51.274
51.26
51.246
51.233
51.219
51.205
51.192
51.178
51.165
51.151
51.137
51.124
51.11
51.097
51.083
51.069
51.056
51.042
51.029
51.015
51.002
50.988
50.974
50.961
50.947
50.934
50.92
50.907
50.893
50.88
50.866
51.24
51.258
51.274
51.29
51.305
51.319
51.332
51.345
51.356
51.367
51.377
51.386
51.394
51.402
51.408
51.414
51.419
51.423
51.426
51.429
51.43
51.431
51.431
51.43
51.428
51.425
51.422
51.418
51.413
51.407
51.4
51.392
51.384
51.375
51.364
51.354
51.342
51.329
51.316
51.302
51.287
51.271
51.254
51.236
51.218
51.199
51.179
51.158
51.143
51.13
51.116
51.102
51.089
51.075
51.062
51.048
51.034
51.021
51.007
50.994
50.98
50.967
50.953
50.939
50.926
50.912
50.899
50.885
50.872
50.858
50.845
50.831
50.818
50.804
50.791
50.777
50.764
50.75
50.737
50.723
50.71
50.696
50.683
50.669
50.656
50.642
50.629
50.615
50.602
50.588
50.575
50.561
50.548
50.535
50.521
50.508
50.494
50.481
50.467
50.454
50.441
50.427
50.414
50.4
50.719
50.731
50.742
50.753
50.762
50.771
50.779
50.786
50.792
50.798
50.802
50.806
50.809
50.811
50.813
50.813
50.813
50.812
50.81
50.807
50.803
50.799
50.793
50.787
50.78
50.773
50.764
50.755
50.745
50.734
50.722
50.709
50.696
50.681
50.666
50.65
50.634
50.616
50.598
50.578
50.558
50.538
50.525
50.512
50.498
50.485
50.471
50.458
50.444
50.431
50.418
50.404
50.391
50.377
50.364
50.351
50.337
50.324
50.31
50.297
50.284
50.27
50.257
50.244
50.23
50.217
50.203
50.19
50.177
50.163
50.15
50.137
50.123
50.11
50.097
50.083
50.07
50.057
50.043
50.03
50.017
50.004
49.99
49.977
49.964
49.95
49.937
49.924
49.91
49.897
49.884
49.871
49.857
49.844
49.831
49.818
49.804
49.791
49.778
49.765
49.751
49.738
49.725
49.712
49.699
50.05
50.065
50.08
50.094
50.107
50.119
50.131
50.141
50.151
50.16
50.168
50.176
50.182
50.188
50.193
50.197
50.201
50.203
50.205
50.206
50.206
50.205
50.203
50.201
50.198
50.194
50.189
50.183
50.177
50.169
50.161
50.153
50.143
50.132
50.121
50.109
50.096
50.082
50.068
50.052
50.036
50.019
49.974
49.961
49.948
49.935
49.921
49.908
49.895
49.881
49.868
49.855
49.842
49.828
49.815
49.802
49.789
49.775
49.762
49.749
49.736
49.723
49.709
49.696
49.683
49.67
49.656
49.643
49.63
49.617
49.604
49.59
49.577
49.564
49.551
49.538
49.525
49.511
49.498
49.485
49.472
49.459
49.446
49.432
49.419
49.406
49.393
49.38
49.367
49.354
49.34
49.327
49.314
49.301
49.288
49.275
49.262
49.249
49.236
49.222
49.209
49.196
49.588
49.608
49.627
49.646
49.663
49.68
49.696
49.711
49.725
49.738
49.751
49.763
49.774
49.784
49.793
49.802
49.81
49.817
49.823
49.828
49.832
49.836
49.839
49.841
49.842
49.843
49.842
49.841
49.839
49.836
49.833
49.828
49.823
49.817
49.81
49.803
49.794
49.785
49.775
49.764
49.666
49.653
49.64
49.627
49.613
49.6
49.587
49.574
49.561
49.547
49.534
49.521
49.508
49.495
49.482
49.468
49.455
49.442
49.429
49.416
49.403
49.389
49.376
49.363
49.35
49.337
49.324
49.311
49.298
49.284
49.271
49.258
49.245
49.232
49.219
49.206
49.193
49.18
49.167
49.154
49.14
49.127
49.114
49.101
49.088
49.075
49.062
49.049
49.036
49.023
49.01
48.997
48.984
48.971
48.958
48.945
48.932
48.919
48.906
48.893
48.88
49.338
49.364
49.39
49.415
49.44
49.463
49.486
49.507
49.528
49.548
49.568
49.586
49.604
49.621
49.637
49.652
49.667
49.681
49.694
49.706
49.717
49.727
49.737
49.746
49.754
49.761
49.767
49.773
49.778
49.782
49.785
49.787
49.789
49.789
49.789
49.788
49.787
49.784
49.781
49.616
49.603
49.59
49.576
49.563
49.55
49.537
49.524
49.51
49.497
49.484
49.471
49.458
49.445
49.431
49.418
49.405
49.392
49.379
49.366
49.353
49.34
49.326
49.313
49.3
49.287
49.274
49.261
49.248
49.235
49.222
49.208
49.195
49.182
49.169
49.156
49.143
49.13
49.117
49.104
49.091
49.078
49.065
49.052
49.039
49.026
49.012
48.999
48.986
48.973
48.96
48.947
48.934
48.921
48.908
48.895
48.882
48.869
48.856
48.843
49.369
49.403
49.436
49.468
49.499
49.529
49.558
49.587
49.615
49.642
49.668
49.693
49.718
49.742
49.765
49.787
49.808
49.829
49.848
49.867
49.885
49.902
49.919
49.934
49.949
49.963
49.976
49.989
50
50.011
50.021
50.03
50.038
50.045
50.052
50.058
50.063
50.067
50.07
50.073
49.855
49.842
49.828
49.815
49.802
49.789
49.775
49.762
49.749
49.736
49.722
49.709
49.696
49.683
49.67
49.656
49.643
49.63
49.617
49.604
49.59
49.577
49.564
49.551
49.538
49.524
49.511
49.498
49.485
49.472
49.459
49.445
49.432
49.419
49.406
49.393
49.38
49.367
49.354
49.34
49.327
49.314
49.301
49.288
49.275
49.262
49.249
49.235
49.222
49.209
49.196
49.183
49.17
49.157
49.144
49.131
49.118
49.105
49.677
49.715
49.752
49.789
49.825
49.859
49.893
49.927
49.959
49.99
50.021
50.051
50.08
50.108
50.136
50.162
50.188
50.213
50.237
50.26
50.283
50.305
50.325
50.345
50.365
50.383
50.4
50.417
50.433
50.448
50.462
50.476
50.488
50.5
50.511
50.521
50.53
50.539
50.546
50.553
50.559
50.564
50.321
50.308
50.294
50.281
50.268
50.254
50.241
50.228
50.214
50.201
50.187
50.174
50.161
50.147
50.134
50.121
50.107
50.094
50.081
50.067
50.054
50.041
50.028
50.014
50.001
49.988
49.974
49.961
49.948
49.934
49.921
49.908
49.895
49.881
49.868
49.855
49.842
49.828
49.815
49.802
49.789
49.775
49.762
49.749
49.736
49.722
49.709
49.696
49.683
49.669
49.656
49.643
49.63
49.617
50.191
50.23
50.267
50.303
50.339
50.374
50.408
50.441
50.473
50.505
50.535
50.565
50.594
50.623
50.65
50.676
50.702
50.727
50.751
50.774
50.796
50.818
50.839
50.858
50.877
50.896
50.913
50.93
50.945
50.96
50.974
50.987
51
51.011
51.022
51.032
51.041
51.049
51.056
51.063
51.069
51.073
51.077
51.081
51.083
51.085
50.871
50.858
50.844
50.831
50.817
50.804
50.79
50.777
50.763
50.75
50.736
50.723
50.709
50.696
50.682
50.669
50.655
50.642
50.628
50.615
50.601
50.588
50.575
50.561
50.548
50.534
50.521
50.507
50.494
50.48
50.467
50.454
50.44
50.427
50.413
50.4
50.387
50.373
50.36
50.346
50.333
50.32
50.306
50.293
50.279
50.266
50.253
50.239
50.226
50.213
50.199
50.721
50.754
50.786
50.817
50.847
50.876
50.904
50.932
50.959
50.985
51.01
51.034
51.057
51.08
51.102
51.123
51.143
51.162
51.18
51.198
51.214
51.23
51.245
51.26
51.273
51.285
51.297
51.308
51.318
51.327
51.335
51.343
51.35
51.355
51.36
51.365
51.368
51.37
51.372
51.373
51.373
51.372
51.37
51.368
51.365
51.36
51.355
51.35
51.343
51.202
51.188
51.174
51.161
51.147
51.134
51.12
51.106
51.093
51.079
51.066
51.052
51.038
51.025
51.011
50.998
50.984
50.971
50.957
50.944
50.93
50.916
50.903
50.889
50.876
50.862
50.849
50.835
50.822
50.808
50.795
50.781
50.768
50.754
50.741
50.727
50.714
50.7
50.687
50.673
50.66
50.646
50.633
50.619
50.606
50.592
50.579
50.566
50.552
50.539
50.974
50.998
51.021
51.043
51.064
51.085
51.104
51.123
51.141
51.158
51.174
51.19
51.204
51.218
51.231
51.243
51.254
51.264
51.274
51.283
51.29
51.298
51.304
51.309
51.314
51.317
51.32
51.322
51.323
51.324
51.323
51.322
51.32
51.317
51.313
51.309
51.303
51.297
51.29
51.282
51.273
51.263
51.253
51.242
51.23
51.217
51.203
51.189
51.173
51.157
51.101
51.087
51.074
51.06
51.047
51.033
51.02
51.006
50.992
50.979
50.965
50.952
50.938
50.925
50.911
50.898
50.884
50.87
50.857
50.843
50.83
50.816
50.803
50.789
50.776
50.762
50.749
50.735
50.722
50.708
50.695
50.681
50.668
50.654
50.641
50.627
50.614
50.601
50.587
50.574
50.56
50.547
50.533
50.52
50.506
50.493
50.48
50.466
50.453
50.439
50.426
50.412
50.766
50.781
50.796
50.81
50.823
50.835
50.847
50.857
50.867
50.876
50.884
50.891
50.897
50.903
50.908
50.912
50.915
50.917
50.918
50.919
50.919
50.918
50.916
50.913
50.91
50.905
50.9
50.894
50.888
50.88
50.871
50.862
50.852
50.841
50.829
50.817
50.804
50.789
50.774
50.759
50.742
50.725
50.706
50.687
50.667
50.647
50.633
50.619
50.606
50.592
50.579
50.565
50.552
50.538
50.525
50.511
50.498
50.485
50.471
50.458
50.444
50.431
50.418
50.404
50.391
50.377
50.364
50.351
50.337
50.324
50.31
50.297
50.284
50.27
50.257
50.243
50.23
50.217
50.203
50.19
50.177
50.163
50.15
50.137
50.123
50.11
50.097
50.083
50.07
50.057
50.043
50.03
50.017
50.003
49.99
49.977
49.964
49.95
49.937
49.924
49.91
49.897
49.884
49.871
50.203
50.217
50.23
50.242
50.253
50.264
50.273
50.282
50.29
50.297
50.303
50.309
50.313
50.317
50.32
50.322
50.324
50.324
50.324
50.323
50.321
50.318
50.315
50.31
50.305
50.299
50.293
50.285
50.277
50.267
50.257
50.247
50.235
50.222
50.209
50.195
50.18
50.165
50.148
50.131
50.113
50.094
50.074
50.054
50.04
50.027
50.014
50
49.987
49.974
49.96
49.947
49.934
49.921
49.907
49.894
49.881
49.867
49.854
49.841
49.828
49.814
49.801
49.788
49.775
49.761
49.748
49.735
49.722
49.708
49.695
49.682
49.669
49.656
49.642
49.629
49.616
49.603
49.59
49.576
49.563
49.55
49.537
49.524
49.511
49.497
49.484
49.471
49.458
49.445
49.432
49.418
49.405
49.392
49.379
49.366
49.353
49.34
49.327
49.313
49.3
49.287
49.274
49.261
49.618
49.635
49.65
49.665
49.679
49.692
49.704
49.716
49.726
49.736
49.745
49.753
49.761
49.768
49.773
49.778
49.783
49.786
49.788
49.79
49.791
49.791
49.791
49.789
49.787
49.784
49.78
49.775
49.77
49.764
49.756
49.749
49.74
49.73
49.72
49.709
49.697
49.684
49.671
49.656
49.59
49.576
49.563
49.55
49.537
49.524
49.511
49.497
49.484
49.471
49.458
49.445
49.432
49.418
49.405
49.392
49.379
49.366
49.353
49.34
49.327
49.313
49.3
49.287
49.274
49.261
49.248
49.235
49.222
49.209
49.195
49.182
49.169
49.156
49.143
49.13
49.117
49.104
49.091
49.078
49.065
49.052
49.039
49.026
49.013
49
48.987
48.974
48.961
48.947
48.934
48.921
48.908
48.895
48.882
48.869
48.856
48.843
48.83
48.817
48.804
48.791
49.221
49.245
49.268
49.29
49.312
49.332
49.352
49.371
49.389
49.406
49.423
49.439
49.454
49.468
49.481
49.494
49.505
49.516
49.526
49.536
49.544
49.552
49.559
49.565
49.57
49.575
49.578
49.581
49.583
49.584
49.585
49.584
49.583
49.581
49.578
49.575
49.57
49.565
49.418
49.405
49.392
49.378
49.365
49.352
49.339
49.326
49.313
49.3
49.287
49.273
49.26
49.247
49.234
49.221
49.208
49.195
49.182
49.169
49.156
49.143
49.129
49.116
49.103
49.09
49.077
49.064
49.051
49.038
49.025
49.012
48.999
48.986
48.973
48.96
48.947
48.934
48.921
48.908
48.895
48.882
48.869
48.856
48.843
48.83
48.817
48.804
48.791
48.778
48.765
48.752
48.739
48.726
48.713
48.7
48.687
48.674
48.661
48.648
48.635
48.622
49.142
49.175
49.207
49.238
49.269
49.298
49.327
49.355
49.383
49.409
49.435
49.459
49.484
49.507
49.529
49.551
49.571
49.591
49.611
49.629
49.646
49.663
49.679
49.694
49.708
49.722
49.734
49.746
49.757
49.768
49.777
49.786
49.793
49.8
49.806
49.812
49.816
49.82
49.592
49.579
49.566
49.553
49.54
49.527
49.513
49.5
49.487
49.474
49.461
49.448
49.434
49.421
49.408
49.395
49.382
49.369
49.356
49.342
49.329
49.316
49.303
49.29
49.277
49.264
49.251
49.238
49.224
49.211
49.198
49.185
49.172
49.159
49.146
49.133
49.12
49.107
49.094
49.081
49.068
49.055
49.042
49.028
49.015
49.002
48.989
48.976
48.963
48.95
48.937
48.924
48.911
48.898
48.885
48.872
48.859
48.846
48.833
49.423
49.463
49.502
49.54
49.577
49.614
49.65
49.685
49.719
49.753
49.785
49.817
49.848
49.878
49.907
49.936
49.963
49.99
50.016
50.041
50.065
50.089
50.112
50.134
50.155
50.175
50.194
50.213
50.231
50.248
50.264
50.279
50.294
50.307
50.32
50.332
50.343
50.354
50.363
50.372
50.38
50.113
50.1
50.086
50.073
50.06
50.046
50.033
50.02
50.006
49.993
49.98
49.967
49.953
49.94
49.927
49.913
49.9
49.887
49.874
49.86
49.847
49.834
49.821
49.807
49.794
49.781
49.768
49.754
49.741
49.728
49.715
49.701
49.688
49.675
49.662
49.649
49.635
49.622
49.609
49.596
49.583
49.569
49.556
49.543
49.53
49.517
49.503
49.49
49.477
49.464
49.451
49.438
49.425
49.411
49.398
50.006
50.047
50.088
50.128
50.167
50.205
50.243
50.279
50.315
50.35
50.384
50.417
50.449
50.481
50.512
50.542
50.571
50.599
50.626
50.653
50.679
50.704
50.728
50.751
50.773
50.795
50.816
50.836
50.855
50.873
50.891
50.907
50.923
50.938
50.952
50.965
50.978
50.989
51
51.01
51.019
51.027
51.035
51.042
51.047
50.797
50.783
50.77
50.756
50.743
50.729
50.716
50.702
50.689
50.675
50.662
50.648
50.635
50.621
50.608
50.594
50.581
50.567
50.554
50.541
50.527
50.514
50.5
50.487
50.473
50.46
50.447
50.433
50.42
50.406
50.393
50.379
50.366
50.353
50.339
50.326
50.313
50.299
50.286
50.272
50.259
50.246
50.232
50.219
50.206
50.192
50.179
50.166
50.152
50.139
50.126
50.689
50.726
50.762
50.797
50.832
50.865
50.898
50.93
50.961
50.991
51.02
51.048
51.076
51.103
51.129
51.154
51.178
51.201
51.224
51.246
51.267
51.287
51.306
51.324
51.342
51.359
51.374
51.389
51.404
51.417
51.43
51.441
51.452
51.462
51.471
51.479
51.487
51.494
51.499
51.504
51.508
51.512
51.514
51.516
51.517
51.517
51.516
51.514
51.511
51.333
51.319
51.306
51.292
51.278
51.265
51.251
51.238
51.224
51.21
51.197
51.183
51.169
51.156
51.142
51.129
51.115
51.101
51.088
51.074
51.061
51.047
51.034
51.02
51.006
50.993
50.979
50.966
50.952
50.939
50.925
50.911
50.898
50.884
50.871
50.857
50.844
50.83
50.817
50.803
50.79
50.776
50.763
50.749
50.736
50.722
50.709
50.695
50.682
51.152
51.179
51.206
51.231
51.256
51.28
51.303
51.325
51.346
51.367
51.386
51.405
51.423
51.44
51.456
51.472
51.487
51.5
51.513
51.525
51.536
51.547
51.556
51.565
51.573
51.58
51.586
51.592
51.596
51.6
51.603
51.605
51.606
51.606
51.606
51.604
51.602
51.599
51.595
51.591
51.585
51.579
51.572
51.563
51.555
51.545
51.534
51.523
51.511
51.498
51.484
51.406
51.392
51.379
51.365
51.351
51.338
51.324
51.31
51.297
51.283
51.269
51.256
51.242
51.228
51.215
51.201
51.188
51.174
51.16
51.147
51.133
51.12
51.106
51.092
51.079
51.065
51.052
51.038
51.024
51.011
50.997
50.984
50.97
50.957
50.943
50.929
50.916
50.902
50.889
50.875
50.862
50.848
50.835
50.821
50.808
50.794
50.781
50.767
50.754
50.74
51.105
51.122
51.138
51.153
51.167
51.18
51.192
51.204
51.215
51.225
51.234
51.242
51.249
51.256
51.262
51.266
51.271
51.274
51.276
51.278
51.278
51.278
51.277
51.276
51.273
51.27
51.265
51.26
51.254
51.248
51.24
51.232
51.223
51.213
51.202
51.19
51.177
51.164
51.15
51.135
51.119
51.103
51.085
51.067
51.048
51.028
51.007
50.992
50.978
50.965
50.951
50.938
50.924
50.911
50.897
50.884
50.87
50.856
50.843
50.829
50.816
50.802
50.789
50.775
50.762
50.748
50.735
50.721
50.708
50.694
50.681
50.667
50.654
50.64
50.627
50.614
50.6
50.587
50.573
50.56
50.546
50.533
50.519
50.506
50.493
50.479
50.466
50.452
50.439
50.425
50.412
50.399
50.385
50.372
50.358
50.345
50.332
50.318
50.305
50.291
50.278
50.265
50.251
50.238
50.563
50.576
50.588
50.599
50.609
50.618
50.627
50.635
50.642
50.648
50.653
50.658
50.661
50.664
50.666
50.667
50.668
50.667
50.666
50.664
50.661
50.657
50.653
50.647
50.641
50.634
50.626
50.618
50.608
50.598
50.587
50.575
50.562
50.549
50.534
50.519
50.503
50.486
50.469
50.45
50.431
50.411
50.392
50.379
50.365
50.352
50.339
50.325
50.312
50.298
50.285
50.272
50.258
50.245
50.232
50.218
50.205
50.191
50.178
50.165
50.151
50.138
50.125
50.111
50.098
50.085
50.071
50.058
50.045
50.031
50.018
50.005
49.992
49.978
49.965
49.952
49.938
49.925
49.912
49.899
49.885
49.872
49.859
49.846
49.832
49.819
49.806
49.792
49.779
49.766
49.753
49.74
49.726
49.713
49.7
49.687
49.673
49.66
49.647
49.634
49.621
49.607
49.594
49.581
49.932
49.947
49.962
49.976
49.989
50.001
50.013
50.023
50.033
50.042
50.05
50.058
50.064
50.07
50.075
50.079
50.082
50.085
50.087
50.088
50.088
50.087
50.085
50.083
50.08
50.076
50.071
50.065
50.059
50.052
50.044
50.035
50.025
50.015
50.004
49.991
49.979
49.965
49.95
49.935
49.919
49.902
49.857
49.844
49.831
49.817
49.804
49.791
49.778
49.764
49.751
49.738
49.725
49.712
49.698
49.685
49.672
49.659
49.645
49.632
49.619
49.606
49.593
49.579
49.566
49.553
49.54
49.527
49.514
49.5
49.487
49.474
49.461
49.448
49.435
49.421
49.408
49.395
49.382
49.369
49.356
49.343
49.33
49.316
49.303
49.29
49.277
49.264
49.251
49.238
49.225
49.212
49.199
49.185
49.172
49.159
49.146
49.133
49.12
49.107
49.094
49.081
49.068
49.467
49.487
49.507
49.526
49.544
49.561
49.578
49.594
49.609
49.623
49.636
49.649
49.66
49.671
49.681
49.691
49.699
49.707
49.714
49.72
49.725
49.729
49.733
49.736
49.738
49.739
49.739
49.739
49.738
49.736
49.733
49.729
49.725
49.719
49.713
49.706
49.699
49.69
49.681
49.569
49.556
49.543
49.53
49.517
49.503
49.49
49.477
49.464
49.451
49.438
49.424
49.411
49.398
49.385
49.372
49.359
49.346
49.333
49.319
49.306
49.293
49.28
49.267
49.254
49.241
49.228
49.215
49.201
49.188
49.175
49.162
49.149
49.136
49.123
49.11
49.097
49.084
49.071
49.058
49.045
49.032
49.019
49.006
48.993
48.979
48.966
48.953
48.94
48.927
48.914
48.901
48.888
48.875
48.862
48.849
48.836
48.823
48.81
48.797
48.784
48.771
49.251
49.28
49.308
49.335
49.361
49.387
49.412
49.436
49.459
49.481
49.503
49.524
49.544
49.563
49.581
49.599
49.615
49.631
49.646
49.661
49.674
49.687
49.699
49.71
49.72
49.729
49.738
49.746
49.752
49.759
49.764
49.769
49.772
49.775
49.777
49.779
49.779
49.779
49.587
49.574
49.561
49.548
49.534
49.521
49.508
49.495
49.482
49.469
49.455
49.442
49.429
49.416
49.403
49.39
49.377
49.363
49.35
49.337
49.324
49.311
49.298
49.285
49.272
49.259
49.245
49.232
49.219
49.206
49.193
49.18
49.167
49.154
49.141
49.128
49.115
49.102
49.089
49.075
49.062
49.049
49.036
49.023
49.01
48.997
48.984
48.971
48.958
48.945
48.932
48.919
48.906
48.893
48.88
48.867
48.854
48.841
48.828
48.815
49.371
49.407
49.443
49.478
49.512
49.545
49.578
49.609
49.64
49.67
49.699
49.728
49.755
49.782
49.808
49.833
49.857
49.881
49.903
49.925
49.946
49.966
49.986
50.004
50.022
50.039
50.055
50.07
50.085
50.098
50.111
50.123
50.135
50.145
50.154
50.163
50.171
50.178
50.184
50.19
49.946
49.932
49.919
49.906
49.892
49.879
49.866
49.853
49.839
49.826
49.813
49.8
49.786
49.773
49.76
49.747
49.733
49.72
49.707
49.694
49.68
49.667
49.654
49.641
49.628
49.614
49.601
49.588
49.575
49.562
49.549
49.535
49.522
49.509
49.496
49.483
49.47
49.456
49.443
49.43
49.417
49.404
49.391
49.377
49.364
49.351
49.338
49.325
49.312
49.299
49.286
49.273
49.259
49.246
49.233
49.22
49.207
49.802
49.843
49.882
49.921
49.959
49.996
50.032
50.068
50.102
50.136
50.169
50.201
50.232
50.263
50.292
50.321
50.349
50.376
50.403
50.428
50.453
50.477
50.5
50.522
50.543
50.564
50.584
50.602
50.62
50.638
50.654
50.67
50.684
50.698
50.711
50.724
50.735
50.746
50.755
50.764
50.772
50.78
50.786
50.531
50.517
50.504
50.49
50.477
50.463
50.45
50.437
50.423
50.41
50.396
50.383
50.37
50.356
50.343
50.329
50.316
50.303
50.289
50.276
50.263
50.249
50.236
50.222
50.209
50.196
50.182
50.169
50.156
50.142
50.129
50.116
50.102
50.089
50.076
50.062
50.049
50.036
50.022
50.009
49.996
49.983
49.969
49.956
49.943
49.929
49.916
49.903
49.89
49.876
49.863
49.85
49.836
50.419
50.457
50.495
50.532
50.569
50.604
50.639
50.673
50.706
50.738
50.769
50.799
50.829
50.858
50.886
50.913
50.939
50.964
50.989
51.013
51.036
51.058
51.079
51.099
51.119
51.138
51.156
51.173
51.189
51.204
51.219
51.233
51.245
51.258
51.269
51.279
51.289
51.297
51.305
51.312
51.318
51.324
51.328
51.332
51.335
51.337
51.338
51.127
51.114
51.1
51.086
51.073
51.059
51.046
51.032
51.018
51.005
50.991
50.978
50.964
50.951
50.937
50.924
50.91
50.896
50.883
50.869
50.856
50.842
50.829
50.815
50.802
50.788
50.775
50.761
50.748
50.734
50.721
50.707
50.694
50.68
50.667
50.653
50.64
50.626
50.613
50.599
50.586
50.573
50.559
50.546
50.532
50.519
50.505
50.492
50.478
50.465
50.978
51.01
51.04
51.07
51.099
51.128
51.155
51.182
51.207
51.232
51.256
51.279
51.302
51.323
51.344
51.364
51.383
51.401
51.418
51.435
51.45
51.465
51.479
51.492
51.504
51.516
51.526
51.536
51.545
51.553
51.56
51.567
51.572
51.577
51.581
51.584
51.586
51.588
51.588
51.588
51.587
51.585
51.582
51.578
51.574
51.568
51.562
51.555
51.547
51.539
51.414
51.401
51.387
51.373
51.36
51.346
51.332
51.319
51.305
51.291
51.278
51.264
51.251
51.237
51.223
51.21
51.196
51.182
51.169
51.155
51.142
51.128
51.114
51.101
51.087
51.074
51.06
51.046
51.033
51.019
51.006
50.992
50.979
50.965
50.951
50.938
50.924
50.911
50.897
50.884
50.87
50.857
50.843
50.83
50.816
50.803
50.789
50.776
50.762
51.172
51.194
51.214
51.233
51.252
51.27
51.287
51.303
51.318
51.332
51.346
51.359
51.37
51.382
51.392
51.401
51.41
51.417
51.424
51.43
51.436
51.44
51.443
51.446
51.448
51.449
51.449
51.449
51.447
51.445
51.442
51.438
51.433
51.427
51.421
51.413
51.405
51.396
51.387
51.376
51.364
51.352
51.339
51.325
51.31
51.295
51.278
51.261
51.243
51.224
51.205
51.18
51.166
51.152
51.139
51.125
51.111
51.098
51.084
51.071
51.057
51.044
51.03
51.016
51.003
50.989
50.976
50.962
50.949
50.935
50.921
50.908
50.894
50.881
50.867
50.854
50.84
50.827
50.813
50.8
50.786
50.773
50.759
50.746
50.732
50.719
50.705
50.692
50.678
50.665
50.651
50.638
50.624
50.611
50.597
50.584
50.571
50.557
50.544
50.53
50.517
50.503
50.49
50.809
50.821
50.832
50.842
50.852
50.861
50.869
50.876
50.882
50.887
50.892
50.895
50.898
50.9
50.902
50.902
50.902
50.901
50.898
50.896
50.892
50.887
50.882
50.876
50.869
50.861
50.852
50.843
50.833
50.822
50.81
50.797
50.784
50.769
50.754
50.738
50.721
50.704
50.685
50.666
50.646
50.626
50.613
50.599
50.586
50.572
50.559
50.545
50.532
50.519
50.505
50.492
50.478
50.465
50.451
50.438
50.425
50.411
50.398
50.384
50.371
50.358
50.344
50.331
50.317
50.304
50.291
50.277
50.264
50.25
50.237
50.224
50.21
50.197
50.184
50.17
50.157
50.144
50.13
50.117
50.104
50.09
50.077
50.064
50.05
50.037
50.024
50.01
49.997
49.984
49.971
49.957
49.944
49.931
49.917
49.904
49.891
49.878
49.864
49.851
49.838
49.825
49.811
49.798
49.785
50.124
50.139
50.152
50.165
50.177
50.188
50.198
50.208
50.216
50.224
50.231
50.237
50.243
50.247
50.251
50.254
50.256
50.257
50.258
50.257
50.256
50.254
50.251
50.248
50.243
50.238
50.232
50.225
50.218
50.209
50.2
50.19
50.179
50.167
50.154
50.141
50.127
50.112
50.096
50.08
50.062
50.044
50.025
49.998
49.985
49.972
49.958
49.945
49.932
49.919
49.905
49.892
49.879
49.865
49.852
49.839
49.826
49.812
49.799
49.786
49.773
49.759
49.746
49.733
49.72
49.707
49.693
49.68
49.667
49.654
49.641
49.627
49.614
49.601
49.588
49.575
49.561
49.548
49.535
49.522
49.509
49.495
49.482
49.469
49.456
49.443
49.43
49.417
49.403
49.39
49.377
49.364
49.351
49.338
49.325
49.311
49.298
49.285
49.272
49.259
49.246
49.233
49.22
49.592
49.61
49.627
49.643
49.659
49.673
49.687
49.7
49.712
49.724
49.734
49.744
49.753
49.761
49.769
49.775
49.781
49.786
49.79
49.793
49.796
49.798
49.798
49.798
49.798
49.796
49.794
49.791
49.787
49.782
49.776
49.77
49.763
49.755
49.746
49.736
49.726
49.715
49.703
49.69
49.61
49.596
49.583
49.57
49.557
49.544
49.531
49.517
49.504
49.491
49.478
49.465
49.452
49.438
49.425
49.412
49.399
49.386
49.373
49.36
49.346
49.333
49.32
49.307
49.294
49.281
49.268
49.255
49.241
49.228
49.215
49.202
49.189
49.176
49.163
49.15
49.137
49.124
49.111
49.098
49.085
49.072
49.058
49.045
49.032
49.019
49.006
48.993
48.98
48.967
48.954
48.941
48.928
48.915
48.902
48.889
48.876
48.863
48.85
48.837
48.824
48.811
49.256
49.281
49.306
49.329
49.352
49.374
49.396
49.416
49.436
49.455
49.473
49.49
49.507
49.522
49.537
49.551
49.564
49.577
49.588
49.599
49.609
49.618
49.626
49.634
49.641
49.647
49.652
49.656
49.66
49.662
49.664
49.665
49.665
49.665
49.664
49.661
49.659
49.655
49.494
49.481
49.468
49.455
49.442
49.428
49.415
49.402
49.389
49.376
49.363
49.35
49.336
49.323
49.31
49.297
49.284
49.271
49.258
49.245
49.232
49.218
49.205
49.192
49.179
49.166
49.153
49.14
49.127
49.114
49.101
49.088
49.075
49.062
49.049
49.036
49.022
49.009
48.996
48.983
48.97
48.957
48.944
48.931
48.918
48.905
48.892
48.879
48.866
48.853
48.84
48.827
48.814
48.801
48.788
48.775
48.762
48.749
48.736
48.723
48.711
49.238
49.272
49.305
49.337
49.368
49.399
49.428
49.457
49.485
49.513
49.539
49.565
49.59
49.614
49.637
49.659
49.681
49.701
49.721
49.74
49.759
49.776
49.793
49.809
49.824
49.838
49.851
49.864
49.876
49.887
49.897
49.906
49.915
49.922
49.929
49.935
49.941
49.945
49.949
49.721
49.708
49.695
49.682
49.668
49.655
49.642
49.629
49.616
49.602
49.589
49.576
49.563
49.55
49.536
49.523
49.51
49.497
49.484
49.471
49.457
49.444
49.431
49.418
49.405
49.392
49.379
49.365
49.352
49.339
49.326
49.313
49.3
49.287
49.274
49.261
49.247
49.234
49.221
49.208
49.195
49.182
49.169
49.156
49.143
49.13
49.117
49.104
49.091
49.077
49.064
49.051
49.038
49.025
49.012
48.999
48.986
48.973
49.556
49.595
49.633
49.671
49.708
49.744
49.779
49.813
49.847
49.879
49.911
49.942
49.972
50.002
50.03
50.058
50.085
50.111
50.136
50.16
50.184
50.207
50.229
50.25
50.27
50.29
50.308
50.326
50.343
50.359
50.375
50.389
50.403
50.416
50.428
50.439
50.449
50.459
50.468
50.476
50.483
50.489
50.236
50.223
50.209
50.196
50.183
50.169
50.156
50.143
50.129
50.116
50.103
50.089
50.076
50.063
50.049
50.036
50.023
50.009
49.996
49.983
49.97
49.956
49.943
49.93
49.916
49.903
49.89
49.877
49.863
49.85
49.837
49.824
49.81
49.797
49.784
49.771
49.757
49.744
49.731
49.718
49.704
49.691
49.678
49.665
49.652
49.638
49.625
49.612
49.599
49.586
49.572
49.559
49.546
49.533
49.52
50.112
50.152
50.191
50.229
50.266
50.303
50.339
50.374
50.408
50.441
50.474
50.505
50.536
50.566
50.595
50.623
50.651
50.678
50.703
50.728
50.752
50.776
50.798
50.82
50.841
50.861
50.88
50.898
50.915
50.932
50.948
50.963
50.977
50.99
51.003
51.014
51.025
51.035
51.044
51.053
51.06
51.067
51.073
51.078
51.082
50.846
50.832
50.819
50.805
50.791
50.778
50.764
50.751
50.737
50.724
50.71
50.697
50.684
50.67
50.657
50.643
50.63
50.616
50.603
50.589
50.576
50.562
50.549
50.535
50.522
50.509
50.495
50.482
50.468
50.455
50.441
50.428
50.415
50.401
50.388
50.374
50.361
50.348
50.334
50.321
50.307
50.294
50.281
50.267
50.254
50.241
50.227
50.214
50.2
50.187
50.174
50.722
50.757
50.791
50.825
50.857
50.889
50.92
50.95
50.98
51.008
51.036
51.063
51.089
51.114
51.138
51.162
51.184
51.206
51.227
51.247
51.267
51.285
51.303
51.319
51.335
51.35
51.365
51.378
51.391
51.402
51.413
51.423
51.433
51.441
51.448
51.455
51.461
51.466
51.47
51.474
51.476
51.478
51.479
51.479
51.478
51.476
51.474
51.47
51.466
51.302
51.289
51.275
51.261
51.248
51.234
51.22
51.207
51.193
51.18
51.166
51.152
51.139
51.125
51.112
51.098
51.084
51.071
51.057
51.044
51.03
51.016
51.003
50.989
50.976
50.962
50.949
50.935
50.922
50.908
50.894
50.881
50.867
50.854
50.84
50.827
50.813
50.8
50.786
50.773
50.759
50.746
50.732
50.719
50.705
50.692
50.678
50.665
50.651
51.106
51.132
51.156
51.18
51.203
51.226
51.247
51.268
51.287
51.306
51.324
51.342
51.358
51.373
51.388
51.402
51.415
51.427
51.439
51.449
51.459
51.468
51.476
51.483
51.489
51.495
51.499
51.503
51.506
51.508
51.509
51.51
51.51
51.508
51.506
51.503
51.5
51.495
51.49
51.484
51.477
51.469
51.46
51.451
51.44
51.429
51.417
51.404
51.391
51.376
51.361
51.296
51.283
51.269
51.255
51.242
51.228
51.214
51.201
51.187
51.174
51.16
51.146
51.133
51.119
51.105
51.092
51.078
51.065
51.051
51.038
51.024
51.01
50.997
50.983
50.97
50.956
50.943
50.929
50.916
50.902
50.888
50.875
50.861
50.848
50.834
50.821
50.807
50.794
50.78
50.767
50.753
50.74
50.726
50.713
50.699
50.686
50.672
50.659
50.645
50.632
50.618
50.975
50.991
51.006
51.02
51.033
51.045
51.057
51.068
51.077
51.087
51.095
51.102
51.109
51.115
51.119
51.124
51.127
51.129
51.131
51.132
51.132
51.131
51.129
51.126
51.123
51.119
51.114
51.108
51.101
51.094
51.085
51.076
51.066
51.056
51.044
51.031
51.018
51.004
50.989
50.973
50.957
50.94
50.921
50.902
50.883
50.862
50.846
50.833
50.819
50.806
50.792
50.779
50.765
50.752
50.738
50.725
50.711
50.698
50.684
50.671
50.657
50.644
50.631
50.617
50.604
50.59
50.577
50.563
50.55
50.536
50.523
50.509
50.496
50.483
50.469
50.456
50.442
50.429
50.415
50.402
50.389
50.375
50.362
50.348
50.335
50.322
50.308
50.295
50.282
50.268
50.255
50.241
50.228
50.215
50.201
50.188
50.175
50.161
50.148
50.135
50.121
50.108
50.095
50.081
50.412
50.426
50.438
50.45
50.461
50.471
50.48
50.489
50.497
50.503
50.509
50.515
50.519
50.522
50.525
50.527
50.528
50.528
50.528
50.526
50.524
50.521
50.517
50.513
50.507
50.501
50.494
50.486
50.477
50.468
50.457
50.446
50.434
50.421
50.408
50.393
50.378
50.362
50.345
50.327
50.309
50.29
50.269
50.252
50.238
50.225
50.211
50.198
50.185
50.171
50.158
50.145
50.131
50.118
50.105
50.091
50.078
50.065
50.051
50.038
50.025
50.011
49.998
49.985
49.972
49.958
49.945
49.932
49.918
49.905
49.892
49.879
49.865
49.852
49.839
49.826
49.812
49.799
49.786
49.773
49.759
49.746
49.733
49.72
49.706
49.693
49.68
49.667
49.654
49.64
49.627
49.614
49.601
49.588
49.574
49.561
49.548
49.535
49.522
49.509
49.495
49.482
49.469
49.456
49.812
49.828
49.843
49.858
49.871
49.884
49.896
49.907
49.918
49.928
49.936
49.944
49.952
49.958
49.963
49.968
49.972
49.975
49.978
49.979
49.98
49.98
49.979
49.977
49.974
49.971
49.967
49.962
49.956
49.949
49.942
49.934
49.925
49.915
49.904
49.893
49.881
49.868
49.854
49.839
49.824
49.766
49.753
49.74
49.727
49.713
49.7
49.687
49.674
49.66
49.647
49.634
49.621
49.608
49.594
49.581
49.568
49.555
49.542
49.529
49.515
49.502
49.489
49.476
49.463
49.45
49.436
49.423
49.41
49.397
49.384
49.371
49.358
49.344
49.331
49.318
49.305
49.292
49.279
49.266
49.253
49.24
49.226
49.213
49.2
49.187
49.174
49.161
49.148
49.135
49.122
49.109
49.096
49.083
49.07
49.057
49.043
49.03
49.017
49.004
48.991
48.978
49.391
49.413
49.434
49.455
49.474
49.493
49.511
49.528
49.545
49.56
49.575
49.589
49.602
49.615
49.626
49.637
49.647
49.656
49.664
49.672
49.678
49.684
49.689
49.693
49.697
49.699
49.701
49.702
49.703
49.702
49.701
49.698
49.695
49.692
49.687
49.682
49.675
49.668
49.66
49.536
49.523
49.51
49.497
49.483
49.47
49.457
49.444
49.431
49.418
49.404
49.391
49.378
49.365
49.352
49.339
49.326
49.313
49.299
49.286
49.273
49.26
49.247
49.234
49.221
49.208
49.195
49.182
49.168
49.155
49.142
49.129
49.116
49.103
49.09
49.077
49.064
49.051
49.038
49.025
49.012
48.999
48.986
48.973
48.96
48.947
48.934
48.921
48.908
48.895
48.882
48.869
48.856
48.843
48.83
48.817
48.804
48.791
48.778
48.765
48.752
48.739
49.232
49.263
49.292
49.321
49.349
49.376
49.402
49.428
49.452
49.476
49.499
49.521
49.543
49.563
49.583
49.602
49.62
49.637
49.654
49.67
49.684
49.699
49.712
49.724
49.736
49.747
49.757
49.766
49.774
49.782
49.789
49.795
49.8
49.804
49.808
49.81
49.812
49.813
49.609
49.596
49.583
49.57
49.556
49.543
49.53
49.517
49.504
49.491
49.477
49.464
49.451
49.438
49.425
49.412
49.398
49.385
49.372
49.359
49.346
49.333
49.32
49.307
49.293
49.28
49.267
49.254
49.241
49.228
49.215
49.202
49.189
49.176
49.163
49.149
49.136
49.123
49.11
49.097
49.084
49.071
49.058
49.045
49.032
49.019
49.006
48.993
48.98
48.967
48.954
48.941
48.928
48.915
48.902
48.889
48.876
48.863
48.85
48.837
49.407
49.444
49.482
49.518
49.553
49.588
49.622
49.655
49.687
49.719
49.749
49.779
49.808
49.836
49.864
49.89
49.916
49.941
49.965
49.988
50.01
50.032
50.053
50.072
50.092
50.11
50.127
50.144
50.16
50.175
50.189
50.202
50.215
50.227
50.238
50.248
50.257
50.266
50.273
50.28
50.023
50.01
49.997
49.983
49.97
49.957
49.943
49.93
49.917
49.904
49.89
49.877
49.864
49.85
49.837
49.824
49.811
49.797
49.784
49.771
49.758
49.744
49.731
49.718
49.705
49.692
49.678
49.665
49.652
49.639
49.626
49.612
49.599
49.586
49.573
49.56
49.546
49.533
49.52
49.507
49.494
49.481
49.467
49.454
49.441
49.428
49.415
49.402
49.389
49.375
49.362
49.349
49.336
49.323
49.31
49.297
49.899
49.94
49.981
50.02
50.059
50.097
50.134
50.17
50.205
50.239
50.273
50.306
50.338
50.369
50.399
50.429
50.458
50.485
50.512
50.539
50.564
50.588
50.612
50.635
50.657
50.678
50.699
50.718
50.737
50.755
50.772
50.788
50.803
50.818
50.832
50.844
50.857
50.868
50.878
50.888
50.897
50.904
50.912
50.918
50.663
50.65
50.637
50.623
50.61
50.596
50.583
50.569
50.556
50.542
50.529
50.515
50.502
50.489
50.475
50.462
50.448
50.435
50.421
50.408
50.395
50.381
50.368
50.354
50.341
50.328
50.314
50.301
50.288
50.274
50.261
50.247
50.234
50.221
50.207
50.194
50.181
50.167
50.154
50.141
50.127
50.114
50.101
50.087
50.074
50.061
50.047
50.034
50.021
50.007
49.994
49.981
50.555
50.593
50.63
50.666
50.702
50.736
50.77
50.803
50.835
50.867
50.897
50.927
50.955
50.983
51.01
51.036
51.062
51.086
51.11
51.133
51.155
51.176
51.197
51.216
51.235
51.253
51.27
51.286
51.301
51.316
51.329
51.342
51.354
51.365
51.376
51.385
51.394
51.402
51.409
51.415
51.42
51.424
51.428
51.431
51.433
51.434
51.434
51.434
51.238
51.224
51.211
51.197
51.183
51.17
51.156
51.142
51.129
51.115
51.102
51.088
51.075
51.061
51.047
51.034
51.02
51.007
50.993
50.979
50.966
50.952
50.939
50.925
50.912
50.898
50.885
50.871
50.858
50.844
50.831
50.817
50.804
50.79
50.776
50.763
50.749
50.736
50.722
50.709
50.696
50.682
50.669
50.655
50.642
50.628
50.615
50.601
50.588
51.078
51.107
51.135
51.163
51.189
51.215
51.24
51.264
51.288
51.31
51.332
51.353
51.373
51.392
51.41
51.428
51.444
51.46
51.475
51.489
51.502
51.515
51.526
51.537
51.547
51.556
51.564
51.571
51.578
51.583
51.588
51.592
51.595
51.598
51.599
51.6
51.6
51.599
51.597
51.594
51.591
51.586
51.581
51.575
51.568
51.561
51.552
51.543
51.533
51.522
51.51
51.414
51.4
51.386
51.373
51.359
51.345
51.332
51.318
51.304
51.291
51.277
51.264
51.25
51.236
51.223
51.209
51.195
51.182
51.168
51.155
51.141
51.127
51.114
51.1
51.087
51.073
51.059
51.046
51.032
51.019
51.005
50.992
50.978
50.964
50.951
50.937
50.924
50.91
50.897
50.883
50.87
50.856
50.843
50.829
50.815
50.802
50.788
50.775
50.761
50.748
51.133
51.151
51.169
51.186
51.202
51.217
51.232
51.245
51.258
51.27
51.281
51.291
51.3
51.309
51.317
51.323
51.33
51.335
51.339
51.343
51.345
51.347
51.348
51.348
51.348
51.346
51.344
51.341
51.337
51.332
51.326
51.32
51.313
51.305
51.296
51.286
51.275
51.264
51.252
51.238
51.225
51.21
51.194
51.178
51.161
51.143
51.124
51.104
51.084
51.066
51.052
51.039
51.025
51.012
50.998
50.985
50.971
50.957
50.944
50.93
50.917
50.903
50.89
50.876
50.863
50.849
50.836
50.822
50.809
50.795
50.782
50.768
50.755
50.741
50.728
50.714
50.701
50.687
50.674
50.66
50.647
50.633
50.62
50.606
50.593
50.579
50.566
50.552
50.539
50.526
50.512
50.499
50.485
50.472
50.458
50.445
50.432
50.418
50.405
50.391
50.378
50.365
50.351
50.667
50.679
50.69
50.7
50.709
50.718
50.725
50.732
50.738
50.743
50.748
50.751
50.754
50.756
50.757
50.757
50.757
50.755
50.753
50.75
50.746
50.741
50.736
50.729
50.722
50.714
50.705
50.696
50.685
50.674
50.662
50.649
50.635
50.621
50.606
50.589
50.572
50.555
50.536
50.517
50.497
50.479
50.465
50.452
50.438
50.425
50.412
50.398
50.385
50.371
50.358
50.345
50.331
50.318
50.304
50.291
50.278
50.264
50.251
50.238
50.224
50.211
50.198
50.184
50.171
50.157
50.144
50.131
50.117
50.104
50.091
50.077
50.064
50.051
50.038
50.024
50.011
49.998
49.984
49.971
49.958
49.944
49.931
49.918
49.905
49.891
49.878
49.865
49.852
49.838
49.825
49.812
49.799
49.785
49.772
49.759
49.746
49.732
49.719
49.706
49.693
49.679
49.666
49.653
49.64
49.989
50.004
50.019
50.033
50.046
50.058
50.069
50.079
50.089
50.098
50.106
50.113
50.12
50.125
50.13
50.134
50.137
50.14
50.141
50.142
50.142
50.141
50.139
50.136
50.133
50.129
50.124
50.118
50.112
50.104
50.096
50.087
50.077
50.066
50.055
50.043
50.03
50.016
50.001
49.986
49.969
49.952
49.909
49.896
49.882
49.869
49.856
49.843
49.829
49.816
49.803
49.79
49.776
49.763
49.75
49.737
49.723
49.71
49.697
49.684
49.67
49.657
49.644
49.631
49.618
49.604
49.591
49.578
49.565
49.552
49.539
49.525
49.512
49.499
49.486
49.473
49.46
49.446
49.433
49.42
49.407
49.394
49.381
49.368
49.354
49.341
49.328
49.315
49.302
49.289
49.276
49.263
49.249
49.236
49.223
49.21
49.197
49.184
49.171
49.158
49.145
49.132
49.119
49.516
49.536
49.556
49.574
49.592
49.61
49.626
49.642
49.656
49.67
49.683
49.696
49.707
49.718
49.728
49.737
49.745
49.752
49.759
49.765
49.77
49.774
49.778
49.78
49.782
49.783
49.783
49.782
49.781
49.779
49.776
49.772
49.767
49.762
49.755
49.748
49.74
49.732
49.722
49.612
49.599
49.586
49.573
49.56
49.546
49.533
49.52
49.507
49.494
49.481
49.467
49.454
49.441
49.428
49.415
49.402
49.388
49.375
49.362
49.349
49.336
49.323
49.31
49.297
49.284
49.27
49.257
49.244
49.231
49.218
49.205
49.192
49.179
49.166
49.153
49.14
49.126
49.113
49.1
49.087
49.074
49.061
49.048
49.035
49.022
49.009
48.996
48.983
48.97
48.957
48.944
48.931
48.918
48.905
48.892
48.879
48.866
48.853
48.84
48.827
48.814
49.291
49.32
49.348
49.375
49.401
49.426
49.451
49.475
49.498
49.52
49.541
49.562
49.581
49.6
49.618
49.636
49.652
49.668
49.683
49.697
49.71
49.722
49.734
49.745
49.755
49.764
49.772
49.78
49.787
49.792
49.798
49.802
49.805
49.808
49.81
49.811
49.811
49.811
49.621
49.608
49.595
49.582
49.568
49.555
49.542
49.529
49.516
49.502
49.489
49.476
49.463
49.45
49.437
49.424
49.41
49.397
49.384
49.371
49.358
49.345
49.332
49.318
49.305
49.292
49.279
49.266
49.253
49.24
49.227
49.214
49.201
49.187
49.174
49.161
49.148
49.135
49.122
49.109
49.096
49.083
49.07
49.057
49.044
49.031
49.018
49.005
48.992
48.979
48.966
48.952
48.939
48.926
48.913
48.9
48.887
48.874
48.861
48.848
49.402
49.438
49.474
49.508
49.542
49.575
49.607
49.639
49.669
49.699
49.728
49.756
49.784
49.81
49.836
49.861
49.885
49.908
49.93
49.952
49.973
49.993
50.012
50.03
50.047
50.064
50.08
50.095
50.109
50.123
50.135
50.147
50.158
50.168
50.177
50.186
50.193
50.2
50.206
50.212
49.969
49.956
49.943
49.929
49.916
49.903
49.89
49.876
49.863
49.85
49.837
49.823
49.81
49.797
49.784
49.77
49.757
49.744
49.731
49.717
49.704
49.691
49.678
49.665
49.651
49.638
49.625
49.612
49.598
49.585
49.572
49.559
49.546
49.533
49.519
49.506
49.493
49.48
49.467
49.454
49.44
49.427
49.414
49.401
49.388
49.375
49.362
49.348
49.335
49.322
49.309
49.296
49.283
49.27
49.257
49.244
49.23
49.823
49.863
49.903
49.941
49.979
50.016
50.052
50.087
50.121
50.155
50.188
50.219
50.25
50.281
50.31
50.339
50.366
50.393
50.419
50.445
50.469
50.493
50.515
50.537
50.558
50.579
50.598
50.617
50.634
50.651
50.668
50.683
50.697
50.711
50.724
50.736
50.747
50.757
50.767
50.776
50.783
50.79
50.797
50.543
50.53
50.516
50.503
50.49
50.476
50.463
50.449
50.436
50.422
50.409
50.396
50.382
50.369
50.355
50.342
50.329
50.315
50.302
50.288
50.275
50.262
50.248
50.235
50.222
50.208
50.195
50.182
50.168
50.155
50.142
50.128
50.115
50.102
50.088
50.075
50.062
50.048
50.035
50.022
50.008
49.995
49.982
49.968
49.955
49.942
49.929
49.915
49.902
49.889
49.876
49.862
49.849
50.429
50.467
50.505
50.542
50.578
50.613
50.647
50.681
50.713
50.745
50.776
50.807
50.836
50.864
50.892
50.919
50.945
50.97
50.994
51.018
51.041
51.062
51.083
51.104
51.123
51.141
51.159
51.176
51.192
51.207
51.221
51.235
51.247
51.259
51.27
51.28
51.289
51.298
51.306
51.312
51.318
51.323
51.328
51.331
51.334
51.335
51.336
51.128
51.114
51.1
51.087
51.073
51.06
51.046
51.033
51.019
51.005
50.992
50.978
50.965
50.951
50.938
50.924
50.911
50.897
50.883
50.87
50.856
50.843
50.829
50.816
50.802
50.789
50.775
50.762
50.748
50.735
50.721
50.708
50.694
50.681
50.667
50.654
50.64
50.627
50.613
50.6
50.587
50.573
50.56
50.546
50.533
50.519
50.506
50.492
50.479
50.466
50.976
51.008
51.038
51.068
51.096
51.124
51.152
51.178
51.203
51.228
51.252
51.275
51.297
51.318
51.339
51.358
51.377
51.395
51.412
51.428
51.443
51.458
51.472
51.484
51.496
51.508
51.518
51.527
51.536
51.544
51.551
51.557
51.562
51.567
51.571
51.573
51.575
51.576
51.577
51.576
51.575
51.572
51.569
51.566
51.561
51.555
51.549
51.542
51.534
51.525
51.402
51.389
51.375
51.361
51.348
51.334
51.32
51.307
51.293
51.28
51.266
51.252
51.239
51.225
51.211
51.198
51.184
51.171
51.157
51.143
51.13
51.116
51.103
51.089
51.075
51.062
51.048
51.035
51.021
51.007
50.994
50.98
50.967
50.953
50.94
50.926
50.913
50.899
50.886
50.872
50.858
50.845
50.831
50.818
50.804
50.791
50.777
50.764
50.75
51.158
51.179
51.199
51.218
51.237
51.254
51.271
51.287
51.302
51.316
51.329
51.342
51.353
51.364
51.374
51.383
51.392
51.399
51.406
51.412
51.417
51.421
51.424
51.426
51.428
51.429
51.429
51.428
51.426
51.424
51.42
51.416
51.411
51.405
51.399
51.391
51.383
51.373
51.363
51.353
51.341
51.328
51.315
51.301
51.286
51.27
51.254
51.236
51.218
51.199
51.179
51.156
51.142
51.129
51.115
51.101
51.088
51.074
51.061
51.047
51.033
51.02
51.006
50.993
50.979
50.966
50.952
50.939
50.925
50.911
50.898
50.884
50.871
50.857
50.844
50.83
50.817
50.803
50.79
50.776
50.763
50.749
50.736
50.722
50.709
50.695
50.682
50.668
50.655
50.641
50.628
50.614
50.601
50.587
50.574
50.561
50.547
50.534
50.52
50.507
50.493
50.48
50.466
50.783
50.795
50.806
50.816
50.825
50.834
50.842
50.848
50.854
50.86
50.864
50.867
50.87
50.872
50.873
50.873
50.873
50.871
50.869
50.866
50.862
50.857
50.852
50.845
50.838
50.83
50.821
50.812
50.801
50.79
50.778
50.765
50.751
50.736
50.721
50.705
50.688
50.67
50.651
50.632
50.612
50.594
50.581
50.567
50.554
50.54
50.527
50.513
50.5
50.486
50.473
50.46
50.446
50.433
50.419
50.406
50.392
50.379
50.366
50.352
50.339
50.326
50.312
50.299
50.285
50.272
50.259
50.245
50.232
50.219
50.205
50.192
50.178
50.165
50.152
50.138
50.125
50.112
50.098
50.085
50.072
50.058
50.045
50.032
50.019
50.005
49.992
49.979
49.965
49.952
49.939
49.926
49.912
49.899
49.886
49.872
49.859
49.846
49.833
49.819
49.806
49.793
49.78
49.766
49.753
50.094
50.109
50.123
50.136
50.148
50.159
50.17
50.179
50.188
50.196
50.203
50.21
50.215
50.22
50.224
50.227
50.229
50.231
50.231
50.231
50.23
50.229
50.226
50.223
50.218
50.213
50.207
50.201
50.193
50.185
50.176
50.166
50.155
50.144
50.132
50.118
50.105
50.09
50.074
50.058
50.041
50.023
50.004
49.975
49.962
49.949
49.935
49.922
49.909
49.896
49.882
49.869
49.856
49.843
49.829
49.816
49.803
49.79
49.776
49.763
49.75
49.737
49.723
49.71
49.697
49.684
49.67
49.657
49.644
49.631
49.618
49.604
49.591
49.578
49.565
49.552
49.539
49.525
49.512
49.499
49.486
49.473
49.46
49.446
49.433
49.42
49.407
49.394
49.381
49.368
49.354
49.341
49.328
49.315
49.302
49.289
49.276
49.263
49.249
49.236
49.223
49.21
49.197
49.571
49.589
49.607
49.623
49.639
49.654
49.668
49.681
49.694
49.705
49.716
49.726
49.735
49.743
49.751
49.758
49.764
49.769
49.773
49.777
49.779
49.781
49.782
49.783
49.782
49.781
49.779
49.776
49.772
49.767
49.762
49.756
49.749
49.741
49.733
49.723
49.713
49.702
49.69
49.678
49.595
49.582
49.569
49.556
49.543
49.529
49.516
49.503
49.49
49.477
49.464
49.451
49.437
49.424
49.411
49.398
49.385
49.372
49.359
49.345
49.332
49.319
49.306
49.293
49.28
49.267
49.254
49.24
49.227
49.214
49.201
49.188
49.175
49.162
49.149
49.136
49.123
49.11
49.097
49.084
49.071
49.057
49.044
49.031
49.018
49.005
48.992
48.979
48.966
48.953
48.94
48.927
48.914
48.901
48.888
48.875
48.862
48.849
48.836
48.823
48.81
48.797
49.244
49.269
49.294
49.318
49.341
49.364
49.385
49.406
49.426
49.445
49.463
49.481
49.497
49.513
49.528
49.542
49.556
49.568
49.58
49.591
49.601
49.611
49.619
49.627
49.634
49.64
49.645
49.65
49.654
49.657
49.659
49.66
49.661
49.66
49.659
49.657
49.655
49.651
49.488
49.475
49.462
49.449
49.436
49.423
49.41
49.396
49.383
49.37
49.357
49.344
49.331
49.318
49.304
49.291
49.278
49.265
49.252
49.239
49.226
49.213
49.2
49.187
49.174
49.16
49.147
49.134
49.121
49.108
49.095
49.082
49.069
49.056
49.043
49.03
49.017
49.004
48.991
48.978
48.965
48.952
48.939
48.926
48.913
48.9
48.887
48.874
48.861
48.848
48.835
48.822
48.809
48.796
48.783
48.77
48.757
48.744
48.731
48.718
48.705
49.235
49.269
49.302
49.334
49.366
49.396
49.426
49.455
49.484
49.511
49.538
49.564
49.589
49.613
49.636
49.659
49.681
49.701
49.722
49.741
49.759
49.777
49.794
49.81
49.825
49.84
49.853
49.866
49.878
49.889
49.9
49.909
49.918
49.926
49.933
49.939
49.945
49.95
49.953
49.724
49.711
49.698
49.684
49.671
49.658
49.645
49.632
49.618
49.605
49.592
49.579
49.566
49.552
49.539
49.526
49.513
49.5
49.487
49.473
49.46
49.447
49.434
49.421
49.408
49.395
49.381
49.368
49.355
49.342
49.329
49.316
49.303
49.29
49.276
49.263
49.25
49.237
49.224
49.211
49.198
49.185
49.172
49.159
49.146
49.132
49.119
49.106
49.093
49.08
49.067
49.054
49.041
49.028
49.015
49.002
48.989
48.976
49.561
49.6
49.639
49.677
49.714
49.75
49.785
49.819
49.853
49.886
49.918
49.949
49.98
50.009
50.038
50.066
50.093
50.119
50.145
50.169
50.193
50.216
50.238
50.26
50.28
50.3
50.319
50.337
50.354
50.37
50.386
50.4
50.414
50.427
50.44
50.451
50.462
50.472
50.481
50.489
50.496
50.503
50.248
50.234
50.221
50.208
50.194
50.181
50.168
50.154
50.141
50.128
50.114
50.101
50.088
50.074
50.061
50.048
50.034
50.021
50.008
49.994
49.981
49.968
49.954
49.941
49.928
49.915
49.901
49.888
49.875
49.862
49.848
49.835
49.822
49.809
49.795
49.782
49.769
49.756
49.742
49.729
49.716
49.703
49.689
49.676
49.663
49.65
49.637
49.623
49.61
49.597
49.584
49.571
49.557
49.544
50.132
50.172
50.21
50.248
50.285
50.321
50.357
50.391
50.425
50.458
50.49
50.521
50.551
50.581
50.609
50.637
50.664
50.69
50.716
50.74
50.764
50.787
50.809
50.83
50.85
50.87
50.889
50.907
50.924
50.94
50.955
50.97
50.983
50.996
51.008
51.02
51.03
51.039
51.048
51.056
51.063
51.069
51.075
51.079
51.083
51.086
50.861
50.847
50.834
50.82
50.807
50.793
50.78
50.766
50.753
50.739
50.726
50.712
50.699
50.685
50.672
50.658
50.645
50.631
50.618
50.604
50.591
50.577
50.564
50.551
50.537
50.524
50.51
50.497
50.483
50.47
50.457
50.443
50.43
50.416
50.403
50.389
50.376
50.363
50.349
50.336
50.322
50.309
50.296
50.282
50.269
50.256
50.242
50.229
50.215
50.202
50.189
50.724
50.758
50.791
50.823
50.855
50.885
50.915
50.944
50.972
50.999
51.026
51.051
51.076
51.1
51.123
51.145
51.167
51.187
51.207
51.226
51.244
51.261
51.277
51.293
51.308
51.321
51.334
51.347
51.358
51.368
51.378
51.387
51.395
51.402
51.408
51.414
51.418
51.422
51.425
51.427
51.429
51.429
51.429
51.428
51.426
51.423
51.419
51.414
51.409
51.256
51.242
51.229
51.215
51.202
51.188
51.174
51.161
51.147
51.133
51.12
51.106
51.093
51.079
51.065
51.052
51.038
51.025
51.011
50.998
50.984
50.97
50.957
50.943
50.93
50.916
50.903
50.889
50.876
50.862
50.849
50.835
50.822
50.808
50.795
50.781
50.768
50.754
50.741
50.727
50.714
50.7
50.687
50.673
50.66
50.646
50.633
50.619
50.606
50.592
51.041
51.066
51.09
51.113
51.136
51.158
51.179
51.199
51.218
51.236
51.254
51.27
51.286
51.301
51.315
51.328
51.341
51.353
51.363
51.373
51.382
51.391
51.398
51.405
51.411
51.416
51.42
51.423
51.425
51.427
51.428
51.428
51.427
51.425
51.422
51.419
51.415
51.41
51.404
51.397
51.39
51.381
51.372
51.362
51.351
51.339
51.327
51.314
51.299
51.284
51.217
51.204
51.19
51.176
51.163
51.149
51.136
51.122
51.108
51.095
51.081
51.068
51.054
51.041
51.027
51.013
51
50.986
50.973
50.959
50.946
50.932
50.918
50.905
50.891
50.878
50.864
50.851
50.837
50.824
50.81
50.797
50.783
50.77
50.756
50.743
50.729
50.716
50.702
50.689
50.675
50.662
50.648
50.635
50.621
50.608
50.594
50.581
50.568
50.554
50.541
50.9
50.916
50.931
50.946
50.959
50.972
50.984
50.995
51.005
51.015
51.023
51.031
51.038
51.044
51.049
51.054
51.057
51.06
51.062
51.063
51.063
51.063
51.061
51.059
51.056
51.052
51.048
51.042
51.036
51.029
51.021
51.012
51.002
50.992
50.981
50.968
50.956
50.942
50.927
50.912
50.896
50.879
50.861
50.842
50.823
50.803
50.784
50.771
50.757
50.744
50.73
50.717
50.703
50.69
50.676
50.663
50.649
50.636
50.622
50.609
50.595
50.582
50.568
50.555
50.542
50.528
50.515
50.501
50.488
50.474
50.461
50.447
50.434
50.421
50.407
50.394
50.38
50.367
50.354
50.34
50.327
50.313
50.3
50.287
50.273
50.26
50.247
50.233
50.22
50.207
50.193
50.18
50.166
50.153
50.14
50.126
50.113
50.1
50.086
50.073
50.06
50.047
50.033
50.02
50.348
50.361
50.373
50.385
50.395
50.405
50.414
50.422
50.43
50.436
50.442
50.447
50.451
50.454
50.457
50.458
50.459
50.459
50.458
50.456
50.454
50.451
50.447
50.442
50.436
50.429
50.422
50.414
50.405
50.395
50.384
50.373
50.361
50.348
50.334
50.319
50.304
50.287
50.27
50.252
50.234
50.214
50.194
50.178
50.165
50.151
50.138
50.125
50.111
50.098
50.085
50.071
50.058
50.045
50.032
50.018
50.005
49.992
49.978
49.965
49.952
49.938
49.925
49.912
49.899
49.885
49.872
49.859
49.846
49.832
49.819
49.806
49.793
49.779
49.766
49.753
49.74
49.726
49.713
49.7
49.687
49.673
49.66
49.647
49.634
49.621
49.607
49.594
49.581
49.568
49.555
49.542
49.528
49.515
49.502
49.489
49.476
49.463
49.449
49.436
49.423
49.41
49.397
49.384
49.737
49.753
49.768
49.782
49.796
49.808
49.82
49.831
49.841
49.851
49.859
49.867
49.874
49.88
49.886
49.89
49.894
49.897
49.899
49.9
49.901
49.9
49.899
49.897
49.894
49.891
49.886
49.881
49.875
49.869
49.861
49.853
49.843
49.833
49.823
49.811
49.798
49.785
49.771
49.756
49.741
49.685
49.672
49.659
49.646
49.632
49.619
49.606
49.593
49.58
49.566
49.553
49.54
49.527
49.514
49.501
49.487
49.474
49.461
49.448
49.435
49.422
49.408
49.395
49.382
49.369
49.356
49.343
49.33
49.317
49.303
49.29
49.277
49.264
49.251
49.238
49.225
49.212
49.199
49.186
49.172
49.159
49.146
49.133
49.12
49.107
49.094
49.081
49.068
49.055
49.042
49.029
49.016
49.003
48.99
48.977
48.964
48.951
48.938
48.925
48.912
48.899
48.886
49.302
49.325
49.347
49.368
49.388
49.407
49.425
49.443
49.46
49.476
49.491
49.506
49.519
49.532
49.544
49.555
49.566
49.575
49.584
49.592
49.599
49.606
49.611
49.616
49.62
49.623
49.625
49.627
49.628
49.627
49.627
49.625
49.622
49.619
49.615
49.61
49.604
49.598
49.462
49.449
49.436
49.423
49.409
49.396
49.383
49.37
49.357
49.344
49.331
49.318
49.304
49.291
49.278
49.265
49.252
49.239
49.226
49.213
49.2
49.186
49.173
49.16
49.147
49.134
49.121
49.108
49.095
49.082
49.069
49.056
49.043
49.03
49.017
49.004
48.991
48.978
48.965
48.952
48.939
48.926
48.913
48.899
48.886
48.873
48.86
48.847
48.834
48.822
48.809
48.796
48.783
48.77
48.757
48.744
48.731
48.718
48.705
48.692
48.679
48.666
49.172
49.204
49.235
49.265
49.294
49.322
49.35
49.377
49.403
49.428
49.452
49.475
49.498
49.52
49.541
49.561
49.581
49.599
49.617
49.634
49.651
49.666
49.68
49.694
49.707
49.719
49.731
49.741
49.751
49.76
49.768
49.775
49.782
49.787
49.792
49.796
49.799
49.802
49.586
49.573
49.56
49.546
49.533
49.52
49.507
49.494
49.481
49.467
49.454
49.441
49.428
49.415
49.402
49.388
49.375
49.362
49.349
49.336
49.323
49.31
49.297
49.283
49.27
49.257
49.244
49.231
49.218
49.205
49.192
49.179
49.166
49.153
49.14
49.126
49.113
49.1
49.087
49.074
49.061
49.048
49.035
49.022
49.009
48.996
48.983
48.97
48.957
48.944
48.931
48.918
48.905
48.892
48.879
48.866
48.853
48.84
48.827
48.814
49.397
49.436
49.474
49.512
49.549
49.585
49.62
49.654
49.688
49.72
49.752
49.783
49.814
49.843
49.872
49.9
49.927
49.953
49.978
50.003
50.026
50.049
50.071
50.092
50.113
50.132
50.151
50.169
50.186
50.203
50.218
50.233
50.247
50.26
50.272
50.283
50.294
50.303
50.312
50.32
50.052
50.039
50.026
50.012
49.999
49.986
49.972
49.959
49.946
49.932
49.919
49.906
49.893
49.879
49.866
49.853
49.84
49.826
49.813
49.8
49.787
49.773
49.76
49.747
49.734
49.72
49.707
49.694
49.681
49.668
49.654
49.641
49.628
49.615
49.602
49.588
49.575
49.562
49.549
49.536
49.522
49.509
49.496
49.483
49.47
49.457
49.443
49.43
49.417
49.404
49.391
49.378
49.365
49.351
49.338
49.325
49.941
49.983
50.025
50.065
50.105
50.144
50.183
50.22
50.256
50.292
50.327
50.361
50.394
50.427
50.458
50.489
50.519
50.548
50.576
50.604
50.631
50.656
50.681
50.705
50.729
50.751
50.773
50.793
50.813
50.832
50.851
50.868
50.885
50.901
50.916
50.93
50.943
50.955
50.967
50.978
50.988
50.997
51.005
51.013
50.747
50.734
50.72
50.707
50.693
50.68
50.666
50.653
50.639
50.626
50.612
50.599
50.586
50.572
50.559
50.545
50.532
50.518
50.505
50.491
50.478
50.465
50.451
50.438
50.424
50.411
50.397
50.384
50.371
50.357
50.344
50.331
50.317
50.304
50.29
50.277
50.264
50.25
50.237
50.224
50.21
50.197
50.183
50.17
50.157
50.143
50.13
50.117
50.103
50.09
50.077
50.657
50.695
50.733
50.77
50.806
50.841
50.876
50.909
50.942
50.973
51.004
51.035
51.064
51.092
51.12
51.147
51.173
51.198
51.222
51.245
51.268
51.29
51.311
51.331
51.35
51.368
51.386
51.402
51.418
51.433
51.447
51.461
51.473
51.485
51.496
51.506
51.515
51.523
51.53
51.537
51.543
51.548
51.552
51.555
51.558
51.559
51.56
51.56
51.559
51.366
51.352
51.339
51.325
51.311
51.298
51.284
51.27
51.257
51.243
51.229
51.216
51.202
51.189
51.175
51.161
51.148
51.134
51.121
51.107
51.093
51.08
51.066
51.053
51.039
51.025
51.012
50.998
50.985
50.971
50.958
50.944
50.93
50.917
50.903
50.89
50.876
50.863
50.849
50.836
50.822
50.809
50.795
50.782
50.768
50.755
50.741
50.728
50.714
51.201
51.23
51.258
51.285
51.311
51.337
51.361
51.385
51.408
51.43
51.451
51.472
51.491
51.51
51.528
51.545
51.561
51.577
51.591
51.605
51.618
51.63
51.641
51.651
51.661
51.669
51.677
51.684
51.69
51.695
51.7
51.703
51.706
51.708
51.709
51.709
51.709
51.707
51.705
51.702
51.698
51.693
51.687
51.681
51.674
51.666
51.657
51.647
51.636
51.625
51.612
51.52
51.506
51.493
51.479
51.465
51.452
51.438
51.424
51.411
51.397
51.383
51.37
51.356
51.342
51.329
51.315
51.301
51.288
51.274
51.26
51.247
51.233
51.219
51.206
51.192
51.179
51.165
51.151
51.138
51.124
51.111
51.097
51.083
51.07
51.056
51.043
51.029
51.015
51.002
50.988
50.975
50.961
50.948
50.934
50.921
50.907
50.893
50.88
50.866
51.241
51.258
51.275
51.291
51.306
51.32
51.333
51.346
51.357
51.368
51.378
51.387
51.395
51.403
51.409
51.415
51.42
51.424
51.427
51.43
51.431
51.432
51.432
51.431
51.429
51.427
51.423
51.419
51.414
51.408
51.401
51.394
51.385
51.376
51.366
51.355
51.343
51.331
51.317
51.303
51.288
51.272
51.256
51.238
51.22
51.201
51.181
51.16
51.145
51.131
51.117
51.104
51.09
51.077
51.063
51.049
51.036
51.022
51.009
50.995
50.982
50.968
50.955
50.941
50.927
50.914
50.9
50.887
50.873
50.86
50.846
50.833
50.819
50.806
50.792
50.779
50.765
50.752
50.738
50.725
50.711
50.698
50.684
50.671
50.657
50.644
50.63
50.617
50.603
50.59
50.576
50.563
50.55
50.536
50.523
50.509
50.496
50.482
50.469
50.455
50.442
50.429
50.415
50.402
50.721
50.733
50.744
50.754
50.764
50.772
50.78
50.787
50.794
50.799
50.803
50.807
50.81
50.812
50.814
50.814
50.814
50.812
50.81
50.808
50.804
50.799
50.794
50.788
50.781
50.773
50.765
50.755
50.745
50.734
50.722
50.71
50.696
50.682
50.667
50.651
50.634
50.616
50.598
50.579
50.559
50.539
50.525
50.512
50.499
50.485
50.472
50.458
50.445
50.431
50.418
50.405
50.391
50.378
50.364
50.351
50.338
50.324
50.311
50.298
50.284
50.271
50.257
50.244
50.231
50.217
50.204
50.191
50.177
50.164
50.151
50.137
50.124
50.111
50.097
50.084
50.071
50.057
50.044
50.031
50.017
50.004
49.991
49.977
49.964
49.951
49.938
49.924
49.911
49.898
49.884
49.871
49.858
49.845
49.831
49.818
49.805
49.792
49.778
49.765
49.752
49.739
49.725
49.712
49.699
50.05
50.066
50.08
50.094
50.107
50.12
50.131
50.142
50.152
50.161
50.169
50.176
50.183
50.189
50.194
50.198
50.201
50.204
50.205
50.206
50.206
50.205
50.204
50.201
50.198
50.194
50.189
50.184
50.177
50.17
50.162
50.153
50.143
50.133
50.122
50.109
50.097
50.083
50.068
50.053
50.037
50.02
49.975
49.962
49.948
49.935
49.922
49.909
49.895
49.882
49.869
49.855
49.842
49.829
49.816
49.802
49.789
49.776
49.763
49.75
49.736
49.723
49.71
49.697
49.683
49.67
49.657
49.644
49.631
49.617
49.604
49.591
49.578
49.565
49.551
49.538
49.525
49.512
49.499
49.486
49.472
49.459
49.446
49.433
49.42
49.407
49.393
49.38
49.367
49.354
49.341
49.328
49.315
49.302
49.288
49.275
49.262
49.249
49.236
49.223
49.21
49.197
49.589
49.609
49.628
49.646
49.664
49.68
49.696
49.711
49.726
49.739
49.752
49.763
49.774
49.785
49.794
49.802
49.81
49.817
49.823
49.828
49.833
49.837
49.84
49.842
49.843
49.843
49.843
49.842
49.84
49.837
49.833
49.829
49.824
49.818
49.811
49.803
49.795
49.786
49.776
49.765
49.667
49.653
49.64
49.627
49.614
49.601
49.587
49.574
49.561
49.548
49.535
49.522
49.508
49.495
49.482
49.469
49.456
49.443
49.429
49.416
49.403
49.39
49.377
49.364
49.351
49.338
49.324
49.311
49.298
49.285
49.272
49.259
49.246
49.233
49.22
49.206
49.193
49.18
49.167
49.154
49.141
49.128
49.115
49.102
49.089
49.076
49.063
49.05
49.037
49.024
49.01
48.997
48.984
48.971
48.958
48.945
48.932
48.919
48.906
48.893
48.88
49.338
49.365
49.391
49.416
49.44
49.464
49.486
49.508
49.529
49.549
49.568
49.587
49.605
49.622
49.638
49.653
49.668
49.681
49.694
49.706
49.717
49.728
49.737
49.746
49.754
49.761
49.768
49.773
49.778
49.782
49.785
49.788
49.789
49.79
49.79
49.789
49.787
49.785
49.781
49.616
49.603
49.59
49.577
49.564
49.551
49.537
49.524
49.511
49.498
49.485
49.472
49.458
49.445
49.432
49.419
49.406
49.393
49.379
49.366
49.353
49.34
49.327
49.314
49.301
49.288
49.275
49.261
49.248
49.235
49.222
49.209
49.196
49.183
49.17
49.157
49.144
49.131
49.117
49.104
49.091
49.078
49.065
49.052
49.039
49.026
49.013
49
48.987
48.974
48.961
48.948
48.935
48.922
48.909
48.896
48.883
48.87
48.857
48.844
49.37
49.403
49.436
49.468
49.499
49.529
49.559
49.588
49.615
49.642
49.669
49.694
49.719
49.742
49.765
49.787
49.809
49.829
49.849
49.868
49.886
49.903
49.919
49.935
49.95
49.964
49.977
49.989
50.001
50.011
50.021
50.03
50.039
50.046
50.053
50.058
50.063
50.068
50.071
50.074
49.855
49.842
49.829
49.816
49.802
49.789
49.776
49.763
49.749
49.736
49.723
49.71
49.697
49.683
49.67
49.657
49.644
49.631
49.617
49.604
49.591
49.578
49.565
49.551
49.538
49.525
49.512
49.499
49.486
49.472
49.459
49.446
49.433
49.42
49.407
49.393
49.38
49.367
49.354
49.341
49.328
49.315
49.302
49.288
49.275
49.262
49.249
49.236
49.223
49.21
49.197
49.184
49.171
49.158
49.144
49.131
49.118
49.105
49.678
49.716
49.753
49.79
49.825
49.86
49.894
49.927
49.96
49.991
50.022
50.052
50.081
50.109
50.136
50.163
50.189
50.214
50.238
50.261
50.283
50.305
50.326
50.346
50.365
50.383
50.401
50.418
50.434
50.449
50.463
50.476
50.489
50.501
50.511
50.522
50.531
50.539
50.547
50.554
50.56
50.565
50.322
50.308
50.295
50.282
50.268
50.255
50.241
50.228
50.215
50.201
50.188
50.175
50.161
50.148
50.135
50.121
50.108
50.095
50.081
50.068
50.055
50.041
50.028
50.015
50.001
49.988
49.975
49.962
49.948
49.935
49.922
49.908
49.895
49.882
49.869
49.855
49.842
49.829
49.816
49.802
49.789
49.776
49.763
49.749
49.736
49.723
49.71
49.696
49.683
49.67
49.657
49.644
49.63
49.617
50.192
50.23
50.267
50.304
50.34
50.374
50.408
50.442
50.474
50.505
50.536
50.566
50.595
50.623
50.65
50.677
50.703
50.727
50.751
50.775
50.797
50.818
50.839
50.859
50.878
50.896
50.913
50.93
50.946
50.961
50.975
50.988
51
51.012
51.022
51.032
51.041
51.049
51.057
51.063
51.069
51.074
51.078
51.081
51.084
51.085
50.872
50.858
50.845
50.831
50.818
50.804
50.791
50.777
50.764
50.75
50.737
50.723
50.71
50.696
50.683
50.669
50.656
50.642
50.629
50.615
50.602
50.588
50.575
50.562
50.548
50.535
50.521
50.508
50.494
50.481
50.468
50.454
50.441
50.427
50.414
50.4
50.387
50.374
50.36
50.347
50.333
50.32
50.307
50.293
50.28
50.267
50.253
50.24
50.226
50.213
50.2
50.722
50.754
50.786
50.817
50.847
50.876
50.905
50.932
50.959
50.985
51.01
51.034
51.058
51.08
51.102
51.123
51.143
51.162
51.181
51.198
51.215
51.231
51.246
51.26
51.273
51.286
51.298
51.308
51.318
51.328
51.336
51.343
51.35
51.356
51.361
51.365
51.368
51.371
51.373
51.373
51.373
51.373
51.371
51.368
51.365
51.361
51.356
51.35
51.343
51.202
51.188
51.175
51.161
51.148
51.134
51.12
51.107
51.093
51.08
51.066
51.052
51.039
51.025
51.012
50.998
50.985
50.971
50.958
50.944
50.93
50.917
50.903
50.89
50.876
50.863
50.849
50.836
50.822
50.809
50.795
50.782
50.768
50.755
50.741
50.728
50.714
50.701
50.687
50.674
50.66
50.647
50.633
50.62
50.606
50.593
50.579
50.566
50.552
50.539
50.975
50.998
51.021
51.043
51.065
51.085
51.105
51.123
51.141
51.158
51.175
51.19
51.204
51.218
51.231
51.243
51.254
51.265
51.274
51.283
51.291
51.298
51.304
51.309
51.314
51.318
51.321
51.323
51.324
51.324
51.324
51.322
51.32
51.317
51.314
51.309
51.303
51.297
51.29
51.282
51.273
51.264
51.253
51.242
51.23
51.217
51.204
51.189
51.174
51.157
51.101
51.088
51.074
51.061
51.047
51.033
51.02
51.006
50.993
50.979
50.966
50.952
50.938
50.925
50.911
50.898
50.884
50.871
50.857
50.844
50.83
50.817
50.803
50.79
50.776
50.763
50.749
50.736
50.722
50.709
50.695
50.682
50.668
50.655
50.641
50.628
50.614
50.601
50.587
50.574
50.561
50.547
50.534
50.52
50.507
50.493
50.48
50.466
50.453
50.44
50.426
50.413
50.766
50.782
50.796
50.81
50.823
50.836
50.847
50.857
50.867
50.876
50.884
50.891
50.898
50.903
50.908
50.912
50.915
50.917
50.919
50.919
50.919
50.918
50.916
50.914
50.91
50.906
50.901
50.895
50.888
50.88
50.872
50.862
50.852
50.841
50.83
50.817
50.804
50.79
50.775
50.759
50.742
50.725
50.707
50.687
50.668
50.647
50.633
50.619
50.606
50.592
50.579
50.566
50.552
50.539
50.525
50.512
50.498
50.485
50.471
50.458
50.445
50.431
50.418
50.404
50.391
50.378
50.364
50.351
50.337
50.324
50.311
50.297
50.284
50.27
50.257
50.244
50.23
50.217
50.204
50.19
50.177
50.164
50.15
50.137
50.124
50.11
50.097
50.084
50.07
50.057
50.044
50.03
50.017
50.004
49.99
49.977
49.964
49.951
49.937
49.924
49.911
49.897
49.884
49.871
50.204
50.217
50.23
50.242
50.253
50.264
50.273
50.282
50.29
50.297
50.303
50.309
50.314
50.317
50.32
50.323
50.324
50.325
50.324
50.323
50.321
50.319
50.315
50.311
50.306
50.3
50.293
50.285
50.277
50.268
50.258
50.247
50.235
50.223
50.21
50.195
50.181
50.165
50.148
50.131
50.113
50.094
50.074
50.054
50.04
50.027
50.014
50.001
49.987
49.974
49.961
49.947
49.934
49.921
49.908
49.894
49.881
49.868
49.854
49.841
49.828
49.815
49.801
49.788
49.775
49.762
49.749
49.735
49.722
49.709
49.696
49.682
49.669
49.656
49.643
49.63
49.616
49.603
49.59
49.577
49.564
49.55
49.537
49.524
49.511
49.498
49.485
49.471
49.458
49.445
49.432
49.419
49.406
49.392
49.379
49.366
49.353
49.34
49.327
49.314
49.301
49.287
49.274
49.261
49.618
49.635
49.65
49.665
49.679
49.692
49.704
49.716
49.727
49.737
49.746
49.754
49.761
49.768
49.774
49.779
49.783
49.786
49.789
49.791
49.792
49.792
49.791
49.79
49.787
49.784
49.78
49.776
49.77
49.764
49.757
49.749
49.74
49.731
49.72
49.709
49.697
49.685
49.671
49.657
49.59
49.577
49.564
49.55
49.537
49.524
49.511
49.498
49.485
49.471
49.458
49.445
49.432
49.419
49.406
49.393
49.379
49.366
49.353
49.34
49.327
49.314
49.301
49.288
49.274
49.261
49.248
49.235
49.222
49.209
49.196
49.183
49.17
49.157
49.144
49.13
49.117
49.104
49.091
49.078
49.065
49.052
49.039
49.026
49.013
49
48.987
48.974
48.961
48.948
48.935
48.922
48.909
48.896
48.883
48.87
48.857
48.844
48.831
48.818
48.805
48.792
49.221
49.245
49.268
49.291
49.312
49.333
49.352
49.371
49.39
49.407
49.423
49.439
49.454
49.468
49.482
49.494
49.506
49.517
49.527
49.536
49.545
49.552
49.559
49.565
49.571
49.575
49.579
49.581
49.583
49.585
49.585
49.585
49.584
49.582
49.579
49.575
49.571
49.566
49.418
49.405
49.392
49.379
49.366
49.353
49.339
49.326
49.313
49.3
49.287
49.274
49.261
49.248
49.235
49.221
49.208
49.195
49.182
49.169
49.156
49.143
49.13
49.117
49.104
49.091
49.078
49.065
49.052
49.038
49.025
49.012
48.999
48.986
48.973
48.96
48.947
48.934
48.921
48.908
48.895
48.882
48.869
48.856
48.843
48.83
48.817
48.804
48.791
48.778
48.765
48.752
48.739
48.726
48.713
48.7
48.688
48.675
48.662
48.649
48.636
48.623
49.142
49.175
49.207
49.239
49.269
49.299
49.328
49.356
49.383
49.409
49.435
49.46
49.484
49.507
49.53
49.551
49.572
49.592
49.611
49.629
49.647
49.664
49.679
49.695
49.709
49.722
49.735
49.747
49.758
49.768
49.777
49.786
49.794
49.801
49.807
49.812
49.817
49.82
49.593
